Waf: Entering directory `/home/anon/tarball/ns-allinone-3.35/ns-3.35/build'
Waf: Leaving directory `/home/anon/tarball/ns-allinone-3.35/ns-3.35/build'
Build commands will be stored in build/compile_commands.json
'build' finished successfully (0.666s)
0.0602784 0.0602784 0 5360
0.121867 0.0615888 5360 5896
0.122811 0.000943996 5896 6432
0.123755 0.000944003 6432 6968
0.124699 0.000943996 6968 7504
0.125643 0.000943996 7504 8040
0.183413 0.0577696 8040 8576
0.184357 0.000943989 8576 9112
0.185301 0.000944003 9112 9648
0.186245 0.000944003 9648 10184
0.187189 0.000944003 10184 10720
0.188133 0.000943989 10720 11256
0.189077 0.000944003 11256 11792
0.244958 0.0558816 11792 10720
0.252058 0.00709921 10720 10184
0.744442 0.492384 10184 9648
0.804118 0.0596768 9648 9112
0.806478 0.00235999 9112 9648
0.988302 0.181824 9648 10184
1.05081 0.0625088 10184 9648
1.17439 0.123582 9648 10184
1.23547 0.0610735 10184 10720
1.29701 0.0615456 10720 11256
1.48214 0.185128 11256 10720
1.48261 0.000472069 10720 10487
1.48308 0.00047195 10487 9648
1.54133 0.0582416 9648 9112
1.54371 0.00237918 9112 9648
1.66442 0.120712 9648 10184
1.73639 0.071968 10184 9648
1.86093 0.124546 9648 9112
1.98268 0.121752 9112 8576
2.039 0.0563152 8576 8040
2.04425 0.00524974 8040 8576
2.28188 0.237629 8576 8040
2.29568 0.0138032 8040 7504
2.34344 0.0477614 7504 8040
2.41877 0.0753298 8040 8576
2.47037 0.0515952 8576 8040
2.59015 0.119787 8040 8576
2.6517 0.0615456 8576 9112
2.72888 0.0771792 9112 9648
2.79092 0.0620368 9648 9112
2.79139 0.00047183 9112 8844
2.83683 0.0454402 8844 8040
2.91072 0.0738943 8040 7504
3.02669 0.115973 7504 6968
3.15075 0.124054 6968 7504
3.21229 0.0615456 7504 8040
3.28523 0.0729313 8040 8576
3.40737 0.122147 8576 9112
3.46843 0.0610545 9112 9648
3.52997 0.0615456 9648 10184
3.59201 0.0620368 10184 9648
3.59248 0.000472069 9648 9304
3.59295 0.000472069 9304 9132
3.59343 0.00047183 9132 8959
3.5939 0.000472069 8959 8787
3.59437 0.000472069 8787 8615
3.59484 0.000472069 8615 8442
3.59531 0.00047183 8442 7638
3.59579 0.000472069 7638 7504
3.65357 0.0577888 7504 7638
3.65452 0.000943899 7638 7504
3.65546 0.000944138 7504 6968
3.71701 0.0615456 6968 7638
3.77098 0.0539744 7638 6968
3.8378 0.0668142 6968 7102
3.89173 0.053936 7102 6432
3.90361 0.0118768 6432 5896
3.9533 0.0496881 5896 6432
3.96516 0.0118575 6432 6566
4.07735 0.112197 6566 5896
4.13892 0.0615649 5896 6030
4.13988 0.000963211 6030 5896
4.14035 0.000471592 5896 5360
4.2019 0.0615458 5360 6030
4.26346 0.0615649 6030 6432
4.32501 0.0615454 6432 6968
4.39275 0.0677395 6968 6432
4.39322 0.000471592 6432 6030
4.39465 0.00143528 6030 5896
4.45429 0.0596385 5896 6030
4.51157 0.0572786 6030 6432
4.57357 0.0619984 6432 6968
4.63464 0.0610733 6968 7504
4.69619 0.0615458 7504 8040
4.70429 0.00810051 8040 7504
4.70476 0.000472069 7504 7142
4.75587 0.0511041 7142 6961
4.75634 0.000472069 6961 6030
4.75681 0.000472069 6030 5896
4.76493 0.00812006 5896 5360
4.76633 0.00139666 5360 6030
4.81887 0.0525393 6030 5896
4.81981 0.000943661 5896 5360
4.82649 0.00668478 5360 6030
4.82838 0.00188828 6030 5896
4.88043 0.0520477 5896 5494
4.8809 0.000472069 5494 5360
4.88136 0.000452995 5360 5494
4.88279 0.00143528 5494 5360
4.94294 0.0601487 5360 4824
4.95057 0.00762892 4824 4288
5.00643 0.0558624 4288 5494
5.06564 0.0592046 5494 5360
5.068 0.00235987 5360 4958
5.06847 0.000472069 4958 4824
5.07323 0.00475836 4824 4958
5.13096 0.0577312 4958 5015
5.1925 0.0615458 5015 5360
5.32318 0.130682 5360 5896
5.38426 0.0610738 5896 6432
5.4458 0.0615454 6432 6968
5.56986 0.124054 6968 6432
5.57033 0.000472069 6432 6057
5.57127 0.000944138 6057 5226
5.57175 0.000471592 5226 4824
5.68536 0.113613 4824 5226
5.6925 0.0071373 5226 5360
5.75025 0.0577507 5360 4824
5.80896 0.0587134 4824 4288
5.81181 0.00285101 4288 4824
5.871 0.059186 4824 4288
5.93254 0.0615454 4288 4824
5.99411 0.0615649 4824 5360
6.05565 0.0615454 5360 5896
6.12052 0.0648689 5896 5514
6.12099 0.000472069 5514 4824
6.85885 0.737853 4824 4288
6.92041 0.0615649 4288 4824
6.98388 0.0634723 4824 4288
7.04545 0.0615644 4288 4824
7.06328 0.0178337 4824 536
7.38637 0.323091 536 1072
7.44839 0.0620179 1072 1608
7.51041 0.0620174 1608 2144
7.63401 0.123602 2144 1608
7.6965 0.0624895 1608 1786
7.75804 0.0615454 1786 1946
7.81959 0.0615458 1946 2093
7.94272 0.123129 2093 1072
8.00427 0.0615458 1072 1557
8.06581 0.0615454 1557 1741
8.12783 0.0620174 1741 1906
8.18937 0.0615454 1906 2056
8.25092 0.0615463 2056 2195
8.31247 0.0615454 2195 2325
8.31341 0.000944138 2325 2448
8.37448 0.0610733 2448 2565
8.37543 0.000944138 2565 2677
8.43746 0.0620365 2677 1608
8.49808 0.0606213 1608 1557
8.49856 0.000472069 1557 1072
8.7601 0.261545 1072 1557
8.7601 0 1557 1741
8.82212 0.0620174 1741 1906
9.00729 0.185166 1906 1072
9.06883 0.0615463 1072 1370
9.13038 0.0615454 1370 1579
9.1924 0.0620174 1579 1760
9.25441 0.0620174 1760 1923
9.31596 0.0615454 1923 2072
9.3775 0.0615463 2072 2210
9.43905 0.0615454 2210 2339
9.43999 0.000944138 2339 2461
9.50107 0.0610733 2461 2577
9.56361 0.0625477 2577 1608
9.62422 0.0606012 1608 1370
9.68674 0.0625277 1370 536
9.74829 0.0615463 536 1370
9.74829 0 1370 1579
9.81031 0.0620174 1579 1760
9.87232 0.0620174 1760 1923
9.93387 0.0615454 1923 2072
10.9339 1 2072 536
11.257 0.323092 536 1072
11.319 0.0620174 1072 1608
11.319 0 1608 1786
11.381 0.0620174 1786 1946
11.4425 0.0615454 1946 2093
11.5041 0.0615463 2093 2230
11.5656 0.0615454 2230 2358
11.5666 0.000944138 2358 2479
11.6277 0.0610733 2479 2594
11.6286 0.000944138 2594 2704
11.6897 0.0610733 2704 2810
11.7512 0.0615454 2810 2912
11.8128 0.0615463 2912 3010
11.8743 0.0615454 3010 3105
11.9359 0.0615454 3105 3197
11.9974 0.0615454 3197 3286
12.0589 0.0615463 3286 3373
12.0608 0.00188732 3373 3458
12.1219 0.0610743 3458 3541
12.183 0.0610733 3541 3622
12.1849 0.00188828 3622 3701
12.2459 0.0610733 3701 3778
12.307 0.0610733 3778 3854
12.3686 0.0615454 3854 4288
12.433 0.0643969 4288 3752
12.4917 0.0587139 3752 3216
12.5561 0.0643969 3216 3752
12.6171 0.0610733 3752 3828
12.6787 0.0615463 3828 4288
12.8041 0.125451 4288 4824
12.8652 0.0610733 4824 5360
12.9268 0.0615454 5360 5896
13.0494 0.12262 5896 6432
13.1767 0.127339 6432 6968
13.2388 0.0620365 6968 6432
13.2392 0.000472069 6432 6057
13.2956 0.0563345 6057 5870
13.296 0.000472069 5870 5226
13.2965 0.000491142 5226 4824
13.3003 0.0037756 4824 5226
13.3618 0.0615454 5226 5360
13.4845 0.12262 5360 5896
13.5455 0.0610733 5896 6432
13.6071 0.0615463 6432 6968
13.6691 0.0620365 6968 6057
13.6696 0.000472069 6057 5870
13.6701 0.000472069 5870 5226
13.6705 0.000472069 5226 4824
14.2223 0.551742 4824 4288
14.2838 0.0615654 4288 4824
14.2881 0.00428581 4824 4288
14.3497 0.0615654 4288 4824
14.5917 0.242011 4824 4288
14.6099 0.0182095 4288 536
14.933 0.323092 536 1072
14.995 0.0620174 1072 1608
15.057 0.0620174 1608 2144
15.1195 0.0625086 2144 1608
15.2422 0.122639 1608 1786
15.3037 0.0615454 1786 1946
15.3653 0.0615454 1946 2093
15.4268 0.0615463 2093 2230
15.4884 0.0615454 2230 2358
15.4893 0.000944138 2358 2479
15.5504 0.0610733 2479 2594
15.6124 0.0620174 2594 2704
15.6744 0.0620174 2704 2810
15.736 0.0615463 2810 2912
15.7975 0.0615454 2912 3010
15.8591 0.0615454 3010 3105
15.9206 0.0615454 3105 3197
15.9836 0.0629816 3197 2144
16.0442 0.0606203 2144 1608
16.1678 0.123602 1608 1072
16.2294 0.0615463 1072 1608
16.2909 0.0615444 1608 1786
16.3524 0.0615463 1786 1946
16.414 0.0615444 1946 2093
16.4755 0.0615463 2093 2230
16.5371 0.0615463 2230 2358
16.538 0.000944138 2358 2479
16.5991 0.0610733 2479 2594
16.6 0.000944138 2594 2704
16.6611 0.0610733 2704 2810
16.7227 0.0615444 2810 2912
16.7842 0.0615463 2912 3010
16.8458 0.0615463 3010 3105
16.9078 0.0620365 3105 2144
16.9088 0.000963211 2144 1608
17.0304 0.121675 1608 1786
17.0924 0.0620174 1786 1946
17.154 0.0615444 1946 2093
17.2155 0.0615463 2093 2230
17.2771 0.0615463 2230 2358
17.278 0.00094223 2358 2479
17.3391 0.0610752 2479 2594
17.34 0.000944138 2594 2704
17.4011 0.0610733 2704 2810
17.4627 0.0615444 2810 2912
17.5242 0.0615463 2912 3010
17.5858 0.0615463 3010 3105
17.6473 0.0615444 3105 3197
17.7088 0.0615463 3197 3286
17.7704 0.0615444 3286 3373
17.7723 0.00188828 3373 3458
17.8334 0.0610733 3458 3541
17.8944 0.0610752 3541 3622
17.8963 0.00188637 3622 3701
17.9574 0.0610752 3701 3778
18.0185 0.0610733 3778 3854
18.08 0.0615444 3854 4288
18.2665 0.186525 4288 4824
18.3276 0.0610733 4824 5360
18.3892 0.0615463 5360 5896
18.4521 0.0629807 5896 5360
18.4526 0.000471115 5360 4969
18.4531 0.000473022 4969 4422
18.4535 0.000471115 4422 4288
18.5137 0.0601311 4288 4422
18.5752 0.0615635 4422 4824
18.6979 0.12262 4824 5360
18.7599 0.0620365 5360 4824
18.7604 0.000473022 4824 4422
18.7608 0.000471115 4422 4288
18.8224 0.0615654 4288 4422
18.8229 0.000471115 4422 4288
18.884 0.0610924 4288 4422
18.8868 0.00283241 4422 3752
18.9488 0.0620174 3752 3886
19.0099 0.0610943 3886 4288
19.071 0.0610924 4288 3752
19.2571 0.186071 3752 3216
19.4413 0.184204 3216 3305
19.5014 0.0601101 3305 3391
19.5042 0.00285149 3391 3475
19.5653 0.0610733 3475 3557
19.6254 0.0601101 3557 3637
19.6283 0.00285149 3637 3715
19.6894 0.0610733 3715 3792
19.7495 0.0601101 3792 3867
19.811 0.0615463 3867 4288
19.8726 0.0615444 4288 4824
19.8759 0.00334358 4824 4288
19.9341 0.0582218 4288 3874
19.9346 0.000473022 3874 3618
19.9351 0.000471115 3618 3216
19.9374 0.00237846 3216 3618
19.999 0.0615654 3618 3752
20.0601 0.0610733 3752 3828
20.1216 0.0615463 3828 4288
20.2471 0.12545 4288 4824
20.3082 0.0610752 4824 5360
20.3697 0.0615444 5360 5896
20.4923 0.12262 5896 6432
20.6784 0.186071 6432 5896
20.6789 0.000473022 5896 5514
20.6793 0.000471115 5514 4824
20.8034 0.124054 4824 4288
21.0467 0.243332 4288 4824
21.0519 0.00521088 4824 4883
21.1139 0.0620174 4883 5360
21.2366 0.12262 5360 5896
21.2976 0.0610733 5896 6432
21.3601 0.0625095 6432 5896
21.3606 0.000471115 5896 5514
21.3611 0.000473022 5514 4824
21.4828 0.121695 4824 5360
21.5443 0.0615444 5360 5896
21.665 0.120712 5896 5360
21.6655 0.000473022 5360 4824
21.6679 0.00241661 4824 4288
21.7266 0.0586758 4288 4824
21.7877 0.0611115 4824 4288
22.159 0.371296 4288 3752
22.2206 0.0615845 3752 4288
22.2225 0.00192642 4288 3752
22.2841 0.0615654 3752 4288
22.7295 0.445387 4288 536
24.791 2.06156 536 1072
24.791 0 1072 1340
24.9141 0.123093 1340 1554
24.9762 0.0620174 1554 1738
25.0382 0.0620174 1738 1903
25.0997 0.0615444 1903 2053
25.1613 0.0615463 2053 2192
25.2228 0.0615463 2192 2323
25.3464 0.123602 2323 2144
25.4075 0.0610733 2144 1608
25.4084 0.000944138 1608 1072
25.469 0.0606003 1072 1340
25.531 0.0620174 1340 1554
25.5931 0.0620174 1554 1738
25.6551 0.0620193 1738 1903
25.7166 0.0615444 1903 2053
25.9018 0.185167 2053 536
25.9634 0.0615635 536 1072
26.0864 0.123093 1072 1340
27.0864 1 1340 536
27.4095 0.32309 536 1072
27.6711 0.261547 1072 1340
27.8558 0.184694 1340 536
27.9173 0.0615444 536 1072
27.9173 0 1072 1340
27.9793 0.0620174 1340 1554
28.0414 0.0620193 1554 1738
28.1034 0.0620174 1738 1903
28.1649 0.0615444 1903 2053
28.2265 0.0615463 2053 2192
28.288 0.0615444 2192 2323
28.289 0.000944138 2323 2446
28.35 0.0610752 2446 2563
28.351 0.000944138 2563 2675
28.412 0.0610733 2675 2782
28.413 0.000944138 2782 2885
28.5356 0.122637 2885 2144
28.5361 0.000473022 2144 1608
28.5366 0.000490189 1608 1072
28.6587 0.122129 1072 1340
29.6587 1 1340 536
29.9818 0.323092 536 1072
30.0438 0.0620174 1072 1340
30.1058 0.0620174 1340 1554
30.1679 0.0620174 1554 1738
30.4304 0.262489 1738 1903
30.4924 0.0620174 1903 2053
30.5539 0.0615463 2053 2192
30.6155 0.0615444 2192 2323
30.6164 0.000944138 2323 2446
30.6775 0.0610733 2446 2563
30.6784 0.000944138 2563 2675
30.7395 0.0610733 2675 2782
30.802 0.0625095 2782 2144
30.8626 0.0606213 2144 1608
30.8631 0.000471115 1608 1072
30.9256 0.0624905 1072 1340
30.9876 0.0620174 1340 1554
31.0496 0.0620174 1554 1738
31.1116 0.0620174 1738 1903
31.1732 0.0615463 1903 2053
31.2347 0.0615444 2053 2192
31.2963 0.0615463 2192 2323
31.2972 0.000944138 2323 2446
31.3592 0.0620174 2446 2563
31.4213 0.0620174 2563 2675
31.4222 0.000944138 2675 2782
31.4833 0.0610733 2782 2885
31.5448 0.0615463 2885 2984
31.6073 0.0625076 2984 2144
31.6078 0.000473022 2144 1608
31.668 0.0601482 1608 1072
31.7304 0.0624905 1072 1340
31.7925 0.0620174 1340 1554
32.054 0.261543 1554 1738
32.1781 0.124077 1738 1608
32.2392 0.0610733 1608 1072
32.2401 0.00094223 1072 1340
32.3016 0.0615463 1340 1554
32.3637 0.0620155 1554 1738
32.4257 0.0620193 1738 1903
32.4872 0.0615463 1903 2053
32.5488 0.0615463 2053 2192
32.6103 0.0615425 2192 2323
32.6113 0.000946045 2323 2446
32.6723 0.0610733 2446 2563
32.6733 0.00094223 2563 2675
32.7344 0.0610771 2675 2782
32.7353 0.00094223 2782 2885
32.7973 0.0620193 2885 2984
32.8589 0.0615425 2984 3080
32.9204 0.0615463 3080 3173
32.9819 0.0615463 3173 3263
33.0435 0.0615463 3263 3351
33.1046 0.0610733 3351 3436
33.1065 0.00188828 3436 3519
33.1675 0.0610733 3519 3600
33.2286 0.0610733 3600 3679
33.2305 0.00188828 3679 3757
33.2916 0.0610733 3757 3833
33.3531 0.0615654 3833 2680
33.3536 0.000473022 2680 2144
33.3546 0.000961304 2144 1608
33.355 0.000473022 1608 1072
33.4762 0.121181 1072 1340
33.5382 0.0620193 1340 1554
33.6003 0.0620193 1554 1738
33.6623 0.0620155 1738 1903
33.7238 0.0615463 1903 2053
33.7854 0.0615463 2053 2192
33.8469 0.0615425 2192 2323
33.8479 0.000946045 2323 2446
33.9089 0.0610733 2446 2563
33.9099 0.00094223 2563 2675
33.9709 0.0610771 2675 2782
33.9719 0.00094223 2782 2885
34.0339 0.0620193 2885 2984
34.0955 0.0615425 2984 3080
34.157 0.0615463 3080 3173
34.2185 0.0615463 3173 3263
34.281 0.0624886 3263 3351
34.3412 0.0601311 3351 3436
34.344 0.00283051 3436 3519
34.4051 0.0610733 3519 3600
34.4652 0.0601311 3600 3679
34.468 0.00283051 3679 3757
34.5291 0.0610733 3757 3833
34.5893 0.0601501 3833 3216
34.5907 0.00141525 3216 2680
34.5911 0.000473022 2680 2144
34.5921 0.000965118 2144 1608
34.5926 0.000469208 1608 1072
34.7124 0.119789 1072 1340
34.7744 0.0620155 1340 1554
34.8364 0.0620193 1554 1738
34.8984 0.0620155 1738 1903
34.96 0.0615463 1903 2053
35.0215 0.0615463 2053 2192
35.0831 0.0615463 2192 2323
35.084 0.00094223 2323 2446
35.1451 0.0610733 2446 2563
35.146 0.000946045 2563 2675
35.2071 0.0610733 2675 2782
35.208 0.00094223 2782 2885
35.27 0.0620193 2885 2984
35.3316 0.0615463 2984 3080
35.3931 0.0615463 3080 3173
35.4547 0.0615425 3173 3263
35.5162 0.0615463 3263 3351
35.5773 0.0610733 3351 3436
35.5792 0.00188828 3436 3519
35.6403 0.0610733 3519 3600
35.7013 0.0610733 3600 3679
35.7032 0.00188828 3679 3757
35.7643 0.0610733 3757 3833
35.8258 0.0615463 3833 4288
35.9485 0.122639 4288 3752
35.9499 0.00141525 3752 3216
36.0124 0.0625114 3216 2680
36.074 0.0615425 2680 3216
36.135 0.0610924 3216 3305
36.1966 0.0615654 3305 2680
36.2582 0.0615463 2680 2769
36.3188 0.0606194 2769 2872
36.3803 0.0615463 2872 2972
36.4419 0.0615463 2972 3068
36.5034 0.0615463 3068 3161
36.6256 0.122147 3161 3251
36.6881 0.0625076 3251 2680
36.7496 0.0615463 2680 2715
36.8112 0.0615463 2715 2820
36.8727 0.0615463 2820 2921
36.9343 0.0615463 2921 3019
36.9958 0.0615425 3019 3114
37.0573 0.0615463 3114 3206
37.1189 0.0615463 3206 3295
37.1804 0.0615463 3295 3382
37.1823 0.00188828 3382 3466
37.2434 0.0610733 3466 3548
37.3045 0.0610733 3548 3628
37.3064 0.00188828 3628 3707
37.3674 0.0610733 3707 3784
37.4285 0.0610733 3784 3859
37.4901 0.0615463 3859 4288
37.6766 0.186523 4288 4824
37.7381 0.0615654 4824 4288
37.7386 0.000473022 4288 3874
37.7391 0.000469208 3874 3618
37.7396 0.000473022 3618 3216
37.8002 0.0606041 3216 3618
37.8617 0.0615616 3618 3752
37.9228 0.0610733 3752 3828
37.9843 0.0615463 3828 4288
38.1709 0.186527 4288 4824
38.2324 0.0615616 4824 4288
38.2329 0.000473022 4288 3874
38.2334 0.000473022 3874 3618
38.2339 0.000473022 3618 3216
38.2945 0.0606003 3216 3618
38.356 0.0615654 3618 3752
38.4171 0.0610733 3752 3828
38.4786 0.0615463 3828 4288
38.543 0.0643768 4288 4355
38.6031 0.0601311 4355 4420
38.6642 0.0610733 4420 4484
38.6689 0.00471878 4484 4824
38.73 0.0610733 4824 5360
38.7916 0.0615463 5360 5896
38.8536 0.0620346 5896 5360
38.8541 0.000473022 5360 4969
38.8545 0.000473022 4969 4422
38.855 0.000473022 4422 4288
38.9151 0.0601273 4288 4422
38.9767 0.0615654 4422 4824
39.0369 0.0601501 4824 4288
39.16 0.123108 4288 4824
39.221 0.0610542 4824 4883
39.2826 0.0615463 4883 5360
39.47 0.187469 5360 5896
39.5311 0.0610733 5896 6432
39.5354 0.00424957 6432 5896
39.5358 0.000469208 5896 5514
39.5363 0.000473022 5514 4824
39.6538 0.117466 4824 4288
39.7153 0.0615463 4288 4824
39.7769 0.0615654 4824 5360
39.8399 0.0629997 5360 4824
39.8408 0.00094223 4824 4288
39.9014 0.0606232 4288 4824
39.9639 0.0624886 4824 5360
40.0231 0.0592041 5360 4824
40.0903 0.0672112 4824 5360
40.1519 0.0615463 5360 5896
40.212 0.0601273 5896 6432
40.2736 0.0615463 6432 6968
40.3957 0.122147 6968 7504
40.4606 0.0648689 7504 6968
40.4611 0.000473022 6968 6600
40.4615 0.000473022 6600 6416
40.462 0.000469208 6416 5628
40.5179 0.0558815 5628 5360
40.5226 0.0047226 5360 5628
40.6424 0.119804 5628 4824
40.7044 0.0620193 4824 5092
40.7068 0.00239563 5092 4288
40.7688 0.0620003 4288 4556
40.8891 0.120296 4556 3752
40.9511 0.0620193 3752 4020
41.1969 0.245728 4020 4091
41.2584 0.0615463 4091 4161
41.7527 0.494274 4161 3216
41.8142 0.0615425 3216 3625
41.9369 0.122639 3625 3704
41.9979 0.0610542 3704 3781
41.9998 0.00190735 3781 3856
42.0618 0.0620003 3856 3930
42.3076 0.245728 3930 3216
42.37 0.0624924 3216 3394
42.4316 0.0615425 3394 3478
42.4335 0.00190735 3478 3560
42.4946 0.0610542 3560 3640
42.5556 0.0610733 3640 3718
42.5575 0.00190735 3718 3795
42.6186 0.061058 3795 3870
42.6801 0.0615425 3870 4288
42.8056 0.125454 4288 4355
42.8676 0.0620155 4355 4824
42.9287 0.0610733 4824 5360
42.9902 0.0615463 5360 5896
43.1119 0.121674 5896 6432
43.3017 0.189831 6432 6968
43.3628 0.0610733 6968 7504
43.4243 0.0615463 7504 8040
43.547 0.12262 8040 8576
43.6118 0.0648689 8576 8040
43.6123 0.000469208 8040 7683
43.6132 0.000946045 7683 7504
43.6137 0.000473022 7504 7326
43.6142 0.000469208 7326 6432
43.6734 0.059227 6432 5896
43.6739 0.000450134 5896 6432
43.7341 0.0601883 6432 5896
43.735 0.000923157 5896 6432
43.7378 0.00281525 6432 5896
43.8524 0.114613 5896 5360
43.9827 0.130306 5360 4824
43.9837 0.000946045 4824 4288
44.0443 0.0606384 4288 4824
44.0452 0.000923157 4824 5360
44.3526 0.307411 5360 4824
44.407 0.054409 4824 4288
44.4142 0.00717545 4288 4824
44.4686 0.05439 4824 5360
44.6605 0.191887 5360 4824
44.7221 0.0615654 4824 5360
44.7956 0.0735435 5360 536
45.1187 0.32309 536 1072
45.1807 0.0620193 1072 1608
45.2427 0.0620155 1608 2144
45.3043 0.0615463 2144 2680
45.3052 0.000946045 2680 3216
45.3682 0.0629997 3216 2680
45.4288 0.0606194 2680 2144
45.4298 0.00094223 2144 2680
45.5515 0.121696 2680 2787
45.613 0.0615654 2787 2144
45.6746 0.0615463 2144 2251
45.7361 0.0615425 2251 2378
45.738 0.00188828 2378 2498
45.7981 0.0601311 2498 2613
45.9213 0.123131 2613 1608
45.9828 0.0615425 1608 2077
45.9838 0.000946045 2077 2215
46.0453 0.0615463 2215 2344
46.0463 0.00094223 2344 2466
46.1073 0.0610733 2466 2582
46.1083 0.000946045 2582 2693
46.1693 0.0610733 2693 2799
46.2309 0.0615463 2799 2901
46.2924 0.0615425 2901 3000
46.354 0.0615463 3000 3095
46.4165 0.0625114 3095 2144
46.417 0.000469208 2144 2077
46.4771 0.0601501 2077 1608
46.478 0.000923157 1608 2077
46.5391 0.0610924 2077 2215
46.6007 0.0615463 2215 2344
46.6016 0.000946045 2344 2466
46.6627 0.0610733 2466 2582
46.6636 0.00094223 2582 2693
46.7247 0.0610733 2693 2799
46.7863 0.0615463 2799 2901
46.8478 0.0615463 2901 3000
46.9094 0.0615463 3000 3095
46.9709 0.0615463 3095 3187
47.0324 0.0615425 3187 3277
47.094 0.0615463 3277 3364
47.156 0.0620193 3364 3449
47.219 0.0629616 3449 3532
47.281 0.0620155 3532 3613
47.2829 0.00188828 3613 3692
47.4046 0.121696 3692 2680
47.405 0.000469208 2680 2144
47.406 0.000965118 2144 2077
47.4065 0.000473022 2077 1608
47.4661 0.0596352 1608 2077
47.4685 0.00238037 2077 2215
47.5926 0.124073 2215 2144
47.6536 0.0610733 2144 1679
47.7152 0.0615463 1679 1850
47.9017 0.186565 1850 2005
47.9633 0.0615425 2005 2148
48.0248 0.0615463 2148 2281
48.0258 0.000946045 2281 2406
48.0869 0.0610733 2406 2525
48.0878 0.00094223 2525 2638
48.1489 0.0610733 2638 2746
48.1498 0.000946045 2746 2850
48.2118 0.0620155 2850 2950
48.2734 0.0615463 2950 3047
48.3955 0.122147 3047 3141
48.4571 0.0615463 3141 3232
48.5186 0.0615463 3232 3320
48.5205 0.00188828 3320 3406
48.5816 0.0610733 3406 3490
48.6427 0.0610733 3490 3572
48.6445 0.00188828 3572 3652
48.7056 0.0610733 3652 3730
48.7667 0.0610733 3730 3807
48.7686 0.00188828 3807 3882
48.8306 0.0620193 3882 4288
48.9532 0.122616 4288 4824
49.0152 0.0620193 4824 5360
49.0768 0.0615463 5360 5896
49.1426 0.0657921 5896 6432
49.2652 0.12262 6432 6968
49.3263 0.0610733 6968 7504
49.3878 0.0615463 7504 8040
49.5104 0.12262 8040 8576
49.5133 0.00284958 8576 8040
49.5138 0.000473022 8040 7683
49.5142 0.000473022 7683 7504
49.5147 0.000469208 7504 7326
49.5152 0.000473022 7326 6432
49.6368 0.121677 6432 6968
49.6989 0.0620346 6968 6432
49.7595 0.0606422 6432 5896
49.7604 0.000923157 5896 6432
49.8182 0.0577888 6432 5896
49.8211 0.00284958 5896 6432
49.8239 0.00283432 6432 5896
49.9428 0.118843 5896 5360
50.0659 0.123112 5360 5896
50.1269 0.0610733 5896 6432
50.1885 0.0615425 6432 6968
50.3158 0.127361 6968 5896
50.3163 0.000469208 5896 5360
50.439 0.122639 5360 5896
50.5 0.0610733 5896 6432
50.5616 0.0615463 6432 6968
50.9294 0.367859 6968 6432
50.9313 0.00190735 6432 6075
50.9318 0.000473022 6075 5360
50.938 0.00617218 5360 4824
50.991 0.0530128 4824 5360
51.0611 0.0700989 5360 5896
51.1217 0.0605812 5896 6432
51.1832 0.0615463 6432 6968
51.2405 0.0572968 6968 6432
51.241 0.000473022 6432 6075
51.2424 0.00141525 6075 5360
51.4233 0.180882 5360 5896
51.4332 0.00991058 5896 6432
51.4948 0.0615463 6432 6968
51.5558 0.0610733 6968 7504
51.6164 0.0606194 7504 6968
51.6169 0.000473022 6968 6600
51.6174 0.000473022 6600 6416
51.6179 0.000473022 6416 5628
51.6183 0.000469208 5628 5360
51.678 0.0596581 5360 5628
51.8049 0.126907 5628 4824
51.8556 0.0506897 4824 4288
51.8665 0.0108719 4288 4824
51.9171 0.0506706 4824 5092
51.929 0.0118217 5092 5360
51.9905 0.0615463 5360 5896
52.0516 0.0610733 5896 6432
52.1131 0.0615425 6432 6968
52.1775 0.0643997 6968 6432
52.178 0.000469208 6432 6057
52.1785 0.000473022 6057 5870
52.2277 0.0492554 5870 5226
52.2334 0.00570297 5226 4824
52.2367 0.00330353 4824 4288
52.2395 0.00283051 4288 5226
52.295 0.0554314 5226 4824
52.2983 0.00328445 4824 5226
52.3598 0.0615463 5226 5360
52.4214 0.0615425 5360 5896
52.4871 0.0657959 5896 6432
52.5501 0.0629807 6432 5896
52.5506 0.000469208 5896 5571
52.6065 0.0558853 5571 5226
52.607 0.000469208 5226 4824
52.6121 0.0051918 4824 5226
52.6732 0.0610924 5226 5360
52.7959 0.12262 5360 5896
52.8564 0.060585 5896 6432
52.8603 0.0038147 6432 5896
52.9161 0.0558624 5896 5571
52.9166 0.000469208 5571 5226
52.918 0.00141525 5226 4824
52.98 0.0620193 4824 5226
52.9834 0.00334167 5226 5360
53.0449 0.0615463 5360 5896
53.106 0.0610733 5896 6432
53.1079 0.00190735 6432 5896
53.1084 0.000473022 5896 5571
53.1656 0.0572586 5571 5226
53.1661 0.000473022 5226 4824
53.1699 0.00379562 4824 5226
53.231 0.0610924 5226 5360
53.3541 0.123108 5360 4824
53.4133 0.059166 4824 4288
53.4748 0.0615654 4288 4824
53.5388 0.064003 4824 4288
53.6004 0.0615654 4288 4824
54.2136 0.613247 4824 4288
54.2752 0.0615654 4288 4824
54.3373 0.0620575 4824 4288
54.3517 0.0144157 4288 536
56.6748 2.32309 536 1072
56.7368 0.0620193 1072 1340
57.7368 1 1340 536
58.0599 0.32309 536 1072
58.1219 0.0620155 1072 1340
58.1839 0.0620193 1340 1554
58.2459 0.0620193 1554 1738
58.3079 0.0620155 1738 1903
58.57 0.262016 1903 2053
58.632 0.0620193 2053 2192
58.6935 0.0615463 2192 2323
58.6945 0.00094223 2323 2446
58.7555 0.0610733 2446 2563
58.7565 0.000946045 2563 2675
58.8185 0.0620346 2675 1608
58.8791 0.0606232 1608 1072
58.9416 0.0624886 1072 1340
59.0037 0.0620193 1340 1554
59.0657 0.0620155 1554 1738
59.1277 0.0620193 1738 1903
59.1892 0.0615425 1903 2053
59.2508 0.0615463 2053 2192
59.3123 0.0615463 2192 2323
59.3133 0.000946045 2323 2446
59.3743 0.0610733 2446 2563
59.3753 0.00094223 2563 2675
59.4364 0.0610733 2675 2782
59.4373 0.000946045 2782 2885
59.4993 0.0620155 2885 2984
59.5609 0.0615654 2984 2144
59.6215 0.0606194 2144 1072
59.8835 0.26202 1072 1340
59.9455 0.0620155 1340 1554
60.0076 0.0620193 1554 1738
60.0696 0.0620155 1738 1903
60.1311 0.0615463 1903 2053
60.1927 0.0615463 2053 2192
60.2542 0.0615463 2192 2323
60.2552 0.00094223 2323 2446
60.3162 0.0610733 2446 2563
60.3172 0.000946045 2563 2675
60.3782 0.0610733 2675 2782
60.3792 0.00094223 2782 2885
60.4412 0.0620193 2885 2984
60.5028 0.0615463 2984 3080
60.5643 0.0615425 3080 3173
60.6258 0.0615463 3173 3263
60.6874 0.0615463 3263 3351
60.7494 0.0620384 3351 2680
60.7499 0.000469208 2680 2144
60.7504 0.000473022 2144 1608
60.8105 0.0601501 1608 1072
60.8725 0.0620155 1072 1340
61.8725 1 1340 536
62.1956 0.323093 536 1072
62.2576 0.0620155 1072 1340
62.3197 0.0620193 1340 1554
62.3817 0.0620155 1554 1738
62.4437 0.0620193 1738 1903
62.5052 0.0615463 1903 2053
62.5668 0.0615463 2053 2192
62.6283 0.0615425 2192 2323
62.6293 0.000946045 2323 2446
62.6904 0.0610733 2446 2563
62.6913 0.00094223 2563 2675
62.7524 0.0610733 2675 2782
62.7533 0.000946045 2782 2885
62.8153 0.0620155 2885 2984
62.8769 0.0615463 2984 3080
62.9384 0.0615463 3080 3173
63.0606 0.122147 3173 3263
63.1221 0.0615463 3263 3351
63.124 0.00188828 3351 3436
63.1851 0.0610733 3436 3519
63.2462 0.0610924 3519 2680
63.2466 0.000473022 2680 2144
63.2471 0.000473022 2144 1608
63.2476 0.000488281 1608 1072
63.3693 0.121677 1072 1340
63.4313 0.0620155 1340 1554
63.4933 0.0620193 1554 1738
63.5553 0.0620155 1738 1903
63.6169 0.0615463 1903 2053
63.8789 0.26202 2053 2192
63.9409 0.0620155 2192 2323
63.9419 0.000946045 2323 2446
64.0029 0.0610733 2446 2563
64.0039 0.000946045 2563 2675
64.065 0.0610733 2675 2782
64.0659 0.000938416 2782 2885
64.1279 0.0620193 2885 2984
64.19 0.0620346 2984 2144
64.2506 0.0606232 2144 1608
64.251 0.000473022 1608 1072
64.3135 0.0624924 1072 1340
64.3756 0.0620117 1340 1554
64.4376 0.0620193 1554 1738
64.4996 0.0620193 1738 1903
64.5611 0.0615463 1903 2053
64.6227 0.0615463 2053 2192
64.6842 0.0615463 2192 2323
64.6852 0.000938416 2323 2446
64.7462 0.0610733 2446 2563
64.7472 0.000946045 2563 2675
64.8083 0.0610733 2675 2782
64.8092 0.000946045 2782 2885
64.8712 0.0620193 2885 2984
64.9328 0.0615463 2984 3080
64.9943 0.0615387 3080 3173
65.0559 0.0615463 3173 3263
65.1184 0.0625153 3263 2680
65.178 0.0596542 2680 2144
65.1785 0.000473022 2144 1608
65.179 0.000488281 1608 1072
65.2415 0.0624924 1072 1340
65.3035 0.0620193 1340 1554
65.3655 0.0620117 1554 1738
65.4275 0.0620193 1738 1903
65.4891 0.0615463 1903 2053
65.5506 0.0615463 2053 2192
65.6742 0.123604 2192 1608
65.6747 0.000473022 1608 1072
65.7973 0.122612 1072 1340
65.8593 0.0620193 1340 1554
65.9213 0.0620193 1554 1738
65.9834 0.0620193 1738 1903
66.0449 0.0615463 1903 2053
66.1065 0.0615463 2053 2192
66.168 0.0615463 2192 2323
66.1689 0.000938416 2323 2446
66.23 0.0610733 2446 2563
66.231 0.000946045 2563 2675
66.292 0.0610733 2675 2782
66.293 0.000946045 2782 2885
66.355 0.0620193 2885 2984
66.4165 0.0615387 2984 3080
66.4781 0.0615463 3080 3173
66.5396 0.0615463 3173 3263
66.6012 0.0615463 3263 3351
66.6031 0.00189209 3351 3436
66.6641 0.0610733 3436 3519
66.7252 0.0610733 3519 3600
66.7271 0.00188446 3600 3679
66.7882 0.0610733 3679 3757
66.8493 0.0610733 3757 3833
66.9108 0.0615463 3833 4288
66.9723 0.0615463 4288 4355
66.9742 0.00189209 4355 4420
67.0973 0.123085 4420 4484
67.1593 0.0620193 4484 4824
67.2204 0.0610733 4824 4883
67.282 0.0615463 4883 5360
67.3468 0.0648727 5360 4824
67.3473 0.000465393 4824 4422
67.4051 0.0577698 4422 4020
67.4055 0.000473022 4020 3752
67.4088 0.00330353 3752 4020
67.4699 0.0610962 4020 4288
67.6531 0.183197 4288 4824
67.6565 0.00332642 4824 5360
67.718 0.0615463 5360 5896
67.7791 0.0610733 5896 6432
67.8406 0.0615463 6432 6968
67.906 0.0653381 6968 6432
67.9623 0.0563354 6432 6057
67.9628 0.000473022 6057 5870
67.9633 0.000488281 5870 5226
67.9642 0.000946045 5226 4824
67.9676 0.00334167 4824 4288
67.968 0.000457764 4288 5226
68.0258 0.0577698 5226 4824
68.0291 0.00331879 4824 5226
68.0902 0.0610962 5226 5360
68.1517 0.0615463 5360 5896
68.2123 0.0605621 5896 6432
68.2753 0.0630188 6432 5896
68.2758 0.000473022 5896 5571
68.2763 0.000465393 5571 5226
68.2767 0.000473022 5226 4824
68.3373 0.0605621 4824 5226
68.3965 0.0592117 5226 4288
68.458 0.0615387 4288 4690
68.5196 0.0615692 4690 4824
68.5249 0.00524902 4824 4288
68.6446 0.119766 4288 3752
68.7668 0.122169 3752 4288
68.7711 0.00430298 4288 3752
68.8923 0.121185 3752 4288
69.0755 0.183205 4288 4824
69.0788 0.00331879 4824 5360
69.1408 0.0620346 5360 4824
69.1413 0.000473022 4824 4422
69.1991 0.0577545 4422 4020
69.1995 0.000473022 4020 3752
69.2029 0.00331879 3752 4020
69.264 0.0610962 4020 4288
69.3866 0.12262 4288 4824
69.4471 0.0605621 4824 5360
69.5087 0.0615463 5360 5896
70.0068 0.498062 5896 5360
70.0636 0.0568314 5360 4422
70.0641 0.000473022 4422 4288
70.0688 0.00471497 4288 4422
70.253 0.184189 4422 4824
70.3121 0.059166 4824 5360
70.3737 0.0615463 5360 5896
70.4958 0.122147 5896 6432
70.6251 0.129242 6432 6968
70.6861 0.0610733 6968 7504
70.7477 0.0615463 7504 8040
70.8684 0.120735 8040 7142
70.8689 0.000465393 7142 6961
70.8694 0.000473022 6961 6030
70.8698 0.000473022 6030 5896
70.93 0.0601349 5896 6030
70.9896 0.0596695 6030 6432
71.0583 0.0686646 6432 5896
71.5497 0.49144 5896 5360
71.7921 0.242393 5360 5896
71.8527 0.0606003 5896 6432
71.9157 0.0629807 6432 5896
71.9162 0.000473022 5896 5360
72.0393 0.123108 5360 5896
72.0436 0.00428772 5896 5360
72.1667 0.123108 5360 5896
72.2258 0.0591507 5896 6432
72.2883 0.0625076 6432 5896
72.2903 0.00192261 5896 5360
72.3533 0.0630035 5360 4824
72.4091 0.0558395 4824 4288
72.4148 0.00572205 4288 5360
72.5322 0.117393 5360 5896
72.5379 0.00572205 5896 5360
72.661 0.123085 5360 5896
72.7226 0.0615692 5896 5360
72.8457 0.123093 5360 5896
72.9063 0.0606155 5896 6432
72.9101 0.00377655 6432 5896
72.9669 0.0568466 5896 5360
73.0337 0.0667343 5360 5896
73.0947 0.0610733 5896 6432
73.1582 0.0634766 6432 5896
73.2146 0.0563507 5896 5360
73.2184 0.0038147 5360 4824
73.2198 0.00141907 4824 5360
73.3429 0.123108 5360 5896
73.4049 0.0620346 5896 5360
73.5281 0.123116 5360 5896
73.5304 0.00235748 5896 5360
73.6535 0.123108 5360 5896
73.7146 0.0610733 5896 6432
73.7761 0.0615463 6432 6968
73.8325 0.0563202 6968 6432
73.8334 0.000976562 6432 6075
73.8339 0.000473022 6075 5360
73.9556 0.121658 5360 5896
73.9632 0.00760651 5896 6432
74.0247 0.0615463 6432 6968
74.0849 0.0601349 6968 6432
74.0853 0.000473022 6432 6075
74.0868 0.00144958 6075 5360
74.0882 0.00143433 5360 4824
74.1412 0.0529938 4824 4288
74.1469 0.00569916 4288 5360
74.2643 0.117393 5360 5896
74.3344 0.070137 5896 6432
74.4561 0.121635 6432 6968
74.5172 0.0610733 6968 7504
74.5787 0.0615463 7504 8040
74.7013 0.12262 8040 8576
74.8306 0.129265 8576 9112
74.8874 0.0568085 9112 8576
74.8879 0.000473022 8576 8224
74.8883 0.000473022 8224 8048
74.8888 0.000465393 8048 7871
74.8893 0.000473022 7871 7695
74.8897 0.000473022 7695 7519
74.8903 0.000511169 7519 7342
74.8912 0.000946045 7342 6834
74.8917 0.000473022 6834 6432
74.9494 0.0577316 6432 6834
75.011 0.0615616 6834 6968
75.0721 0.0610962 6968 6432
75.1351 0.0629959 6432 5896
75.136 0.000923157 5896 5360
75.1966 0.0606461 5360 6432
75.2611 0.0644302 6432 5896
75.2615 0.000473022 5896 5360
75.262 0.000473022 5360 4824
75.3226 0.0606384 4824 5360
75.3231 0.000450134 5360 5896
75.4472 0.124077 5896 5360
75.505 0.0578079 5360 4824
75.5059 0.000961304 4824 4288
75.5088 0.00281525 4288 4824
75.5666 0.0578079 4824 5360
75.5671 0.000488281 5360 4824
75.5675 0.000457764 4824 4288
75.6291 0.0615463 4288 5360
75.8147 0.185616 5360 4824
75.9373 0.122643 4824 5360
75.9415 0.0042038 5360 4824
76.0642 0.122681 4824 5360
76.1868 0.12262 5360 5896
76.2474 0.0606003 5896 6432
76.309 0.0615463 6432 6968
76.3724 0.0634537 6968 6057
76.3729 0.000473022 6057 5870
76.3734 0.000465393 5870 5226
76.3738 0.000473022 5226 4824
76.434 0.0601349 4824 5226
76.4946 0.0606155 5226 5360
76.5561 0.0615463 5360 5896
76.6182 0.0620422 5896 5360
76.6186 0.000465393 5360 5226
76.6191 0.000473022 5226 4824
76.6797 0.0606003 4824 5226
76.7408 0.0610962 5226 5360
76.8024 0.0615463 5360 5896
76.8066 0.00422668 5896 5360
76.8075 0.000961304 5360 5226
76.808 0.000473022 5226 4824
76.8639 0.0559235 4824 4288
76.8681 0.00421143 4288 5226
76.8696 0.00143433 5226 4824
76.9255 0.0559006 4824 5226
76.9311 0.00564575 5226 5360
76.9927 0.0615463 5360 5896
77.0514 0.0587463 5896 5360
77.0528 0.00138092 5360 5226
77.0533 0.000473022 5226 4824
77.113 0.0596924 4824 5226
77.1741 0.0610962 5226 5360
77.2356 0.0615463 5360 5896
77.3028 0.0671692 5896 6432
77.4842 0.181389 6432 5896
77.486 0.00185394 5896 5571
77.4865 0.000465393 5571 5226
77.4879 0.00141907 5226 4824
77.5457 0.0578079 4824 5226
77.6068 0.0610962 5226 5360
77.6684 0.0615387 5360 5896
77.7369 0.068573 5896 6432
77.8595 0.12262 6432 6968
77.916 0.056427 6968 6432
77.9202 0.00418854 6432 6057
77.9206 0.000473022 6057 5870
77.9211 0.000473022 5870 5226
77.9216 0.000473022 5226 4824
77.9775 0.0559387 4824 5226
78.0386 0.0610962 5226 5360
78.2331 0.194489 5360 4824
78.3557 0.122635 4824 5360
78.5409 0.185135 5360 4824
78.6015 0.0606384 4824 4288
78.6029 0.00139618 4288 4824
78.7284 0.125465 4824 5360
78.851 0.12262 5360 5896
78.9107 0.0596771 5896 5360
78.9111 0.000473022 5360 4824
78.9765 0.0653458 4824 5360
79.038 0.0615463 5360 5896
79.0991 0.0610733 5896 6432
79.1606 0.0615387 6432 6968
79.2232 0.0625153 6968 6432
79.2236 0.000465393 6432 6057
79.2241 0.000473022 6057 5870
79.225 0.000946045 5870 5226
79.2255 0.000473022 5226 4824
79.2852 0.0596542 4824 5226
79.3496 0.0643997 5226 4288
79.4111 0.0615463 4288 4690
79.4727 0.0615616 4690 4824
79.5328 0.0601501 4824 5360
79.5944 0.0615463 5360 5896
79.7165 0.122147 5896 5360
79.718 0.00143433 5360 5010
79.7184 0.000473022 5010 4690
79.7189 0.000473022 4690 4288
79.7781 0.059166 4288 4690
79.8425 0.064415 4690 3752
79.904 0.0615463 3752 4154
79.9637 0.0596771 4154 4288
80.0281 0.0643768 4288 3752
80.0901 0.0620346 3752 3216
80.1517 0.0615463 3216 3752
80.2137 0.0620422 3752 4288
80.395 0.181328 4288 4824
80.4002 0.00519562 4824 5360
80.4618 0.0615463 5360 5896
80.5228 0.0610733 5896 6432
80.5844 0.0615463 6432 6968
80.7042 0.119781 6968 7504
80.8287 0.124527 7504 6968
80.8315 0.00283813 6968 6600
80.832 0.000465393 6600 6416
80.8325 0.000473022 6416 5628
80.8334 0.000946045 5628 5360
80.8903 0.0568237 5360 5628
80.9518 0.0615692 5628 5896
80.9589 0.00708008 5896 5360
81.1426 0.183708 5360 5896
81.1985 0.0558853 5896 6432
81.26 0.0615463 6432 6968
81.323 0.0629807 6968 6566
81.3235 0.000465393 6566 6365
81.3292 0.00566864 6365 5360
81.4457 0.116501 5360 5896
81.5683 0.12262 5896 6432
81.7576 0.189354 6432 6968
81.8187 0.0610733 6968 7504
81.8784 0.0596771 7504 6968
81.8789 0.000473022 6968 6600
81.8803 0.00141907 6600 6416
81.8807 0.000473022 6416 5628
81.8812 0.000473022 5628 5360
81.9399 0.0587082 5360 5628
82.0005 0.0606232 5628 5896
82.072 0.0714188 5896 6432
82.1946 0.12262 6432 6968
82.2562 0.0615616 6968 6432
82.2566 0.000473022 6432 6111
82.2571 0.000473022 6111 5628
82.2576 0.000473022 5628 5360
82.3111 0.0535812 5360 4824
82.3177 0.00656891 4824 5628
82.3191 0.00141144 5628 5360
82.3727 0.053566 5360 5628
82.4343 0.0615616 5628 5896
82.5569 0.12262 5896 6432
82.7458 0.188904 6432 5896
82.7463 0.000473022 5896 5628
82.7467 0.000473022 5628 5360
82.8078 0.0610733 5360 5628
82.8694 0.0615616 5628 5896
82.9309 0.0615692 5896 5360
83.0545 0.123581 5360 5896
83.1156 0.0610733 5896 6432
83.1771 0.0615463 6432 6968
83.2988 0.121635 6968 7504
83.3651 0.0662842 7504 6968
83.3655 0.000473022 6968 6600
83.366 0.000473022 6600 6416
83.4219 0.0558777 6416 5628
83.4223 0.000473022 5628 5360
83.4266 0.00424957 5360 5628
83.4886 0.0620193 5628 5896
83.5483 0.0596542 5896 6432
83.6103 0.0620346 6432 5896
83.6108 0.000473022 5896 5628
83.6127 0.00190735 5628 5360
83.6136 0.000946045 5360 4824
83.6723 0.0587158 4824 5628
83.6743 0.00190735 5628 5360
83.6752 0.000923157 5360 5628
83.7325 0.0573349 5628 4824
84.1038 0.371315 4824 4288
84.1062 0.00234222 4288 3752
84.1654 0.0592422 3752 4288
84.1677 0.00231934 4288 4824
84.4083 0.240616 4824 4288
84.4699 0.0615692 4288 4824
84.6752 0.205261 4824 536
86.2598 1.58463 536 1072
86.3218 0.0620193 1072 1340
86.3838 0.0620193 1340 1554
86.4459 0.0620193 1554 1738
86.5079 0.0620117 1738 1903
86.5694 0.0615463 1903 2053
86.631 0.0615463 2053 2192
86.6925 0.0615463 2192 2323
86.6935 0.000946045 2323 2446
86.7555 0.0620346 2446 1608
86.8161 0.0606232 1608 1072
86.8786 0.0624924 1072 1340
86.9406 0.0620117 1340 1554
87.0026 0.0620193 1554 1738
87.0647 0.0620193 1738 1903
87.1878 0.123131 1903 1072
87.3109 0.123093 1072 1340
87.3729 0.0620117 1340 1554
87.4349 0.0620193 1554 1738
87.4969 0.0620193 1738 1903
87.5585 0.0615463 1903 2053
87.62 0.0615463 2053 2192
87.6816 0.0615463 2192 2323
87.8047 0.123123 2323 1608
87.8052 0.000473022 1608 1072
87.9278 0.12262 1072 1340
87.9898 0.0620193 1340 1554
88.0518 0.0620193 1554 1738
88.1138 0.0620117 1738 1903
88.1754 0.0615463 1903 2053
88.2369 0.0615463 2053 2192
88.2985 0.0615463 2192 2323
88.2994 0.000946045 2323 2446
88.3605 0.0610733 2446 2563
88.3614 0.000946045 2563 2675
88.4225 0.0610733 2675 2782
88.4235 0.000938416 2782 2885
88.486 0.0625153 2885 1608
88.5466 0.0606155 1608 1072
88.6702 0.123566 1072 1340
88.7322 0.0620193 1340 1554
89.7322 1 1554 536
89.7937 0.0615463 536 1072
89.7937 0 1072 1340
89.8557 0.0620117 1340 1554
89.9178 0.0620193 1554 1738
89.9798 0.0620193 1738 1903
90.0413 0.0615463 1903 2053
90.1029 0.0615463 2053 2192
90.1644 0.0615463 2192 2323
90.1654 0.000938416 2323 2446
90.2264 0.0610733 2446 2563
90.2274 0.000946045 2563 2675
90.2884 0.0610733 2675 2782
90.2894 0.000946045 2782 2885
90.3519 0.0625076 2885 2144
90.413 0.0610962 2144 1072
90.4755 0.0624847 1072 1340
90.5375 0.0620193 1340 1554
91.5375 1 1554 536
91.599 0.0615463 536 1072
91.6611 0.0620193 1072 1340
91.8462 0.185165 1340 536
91.9078 0.0615463 536 1072
91.9078 0 1072 1340
91.9698 0.0620193 1340 1554
92.0318 0.0620117 1554 1738
92.0938 0.0620193 1738 1903
92.1554 0.0615463 1903 2053
92.2169 0.0615463 2053 2192
92.2785 0.0615463 2192 2323
92.2794 0.000946045 2323 2446
92.3405 0.0610733 2446 2563
92.3414 0.000938416 2563 2675
92.4025 0.0610733 2675 2782
92.4034 0.000946045 2782 2885
92.4655 0.0620193 2885 2984
92.527 0.0615463 2984 3080
92.5886 0.0615463 3080 3173
92.7112 0.122635 3173 2144
92.7122 0.000961304 2144 1608
92.7126 0.000473022 1608 1072
92.8343 0.121674 1072 1340
92.8963 0.0620193 1340 1554
92.9583 0.0620193 1554 1738
93.0204 0.0620193 1738 1903
93.0819 0.0615463 1903 2053
93.1434 0.0615463 2053 2192
93.205 0.0615463 2192 2323
93.2059 0.000938416 2323 2446
93.267 0.0610733 2446 2563
93.268 0.000946045 2563 2675
93.329 0.0610733 2675 2782
93.33 0.000946045 2782 2885
93.392 0.0620193 2885 2984
93.4535 0.0615387 2984 3080
93.5151 0.0615463 3080 3173
93.6988 0.183731 3173 1608
93.6993 0.000473022 1608 1072
93.8228 0.123566 1072 1340
93.8849 0.0620193 1340 1554
93.9469 0.0620117 1554 1738
94.0089 0.0620193 1738 1903
94.0704 0.0615463 1903 2053
94.132 0.0615463 2053 2192
94.1935 0.0615463 2192 2323
94.1945 0.000946045 2323 2446
94.2556 0.0610733 2446 2563
94.2565 0.000938416 2563 2675
94.3185 0.0620422 2675 1608
94.3792 0.0606155 1608 1072
94.4416 0.0624924 1072 1340
94.5037 0.0620193 1340 1554
94.5657 0.0620193 1554 1738
94.6277 0.0620117 1738 1903
94.6892 0.0615463 1903 2053
94.7508 0.0615463 2053 2192
94.8123 0.0615463 2192 2323
94.8133 0.000946045 2323 2446
94.8744 0.0610733 2446 2563
94.8753 0.000946045 2563 2675
94.9364 0.0610733 2675 2782
94.9373 0.000938416 2782 2885
94.9993 0.0620193 2885 2984
95.0609 0.0615463 2984 3080
95.1224 0.0615463 3080 3173
95.184 0.0615463 3173 3263
95.2465 0.0624847 3263 3351
95.2474 0.000946045 3351 3436
95.3094 0.0620193 3436 3519
95.3705 0.0610733 3519 3600
95.3724 0.00188446 3600 3679
95.4941 0.121719 3679 2680
95.4946 0.000473022 2680 1608
95.4951 0.000488281 1608 1072
95.6191 0.124054 1072 1340
95.6811 0.0620193 1340 1554
95.7431 0.0620193 1554 1738
95.8052 0.0620117 1738 1903
95.9283 0.123131 1903 1072
96.0514 0.123093 1072 1340
96.1134 0.0620193 1340 1554
96.1754 0.0620193 1554 1738
96.2374 0.0620117 1738 1903
96.299 0.0615463 1903 2053
96.4221 0.123131 2053 1072
96.5452 0.123093 1072 1340
96.6072 0.0620193 1340 1554
96.6692 0.0620117 1554 1738
96.7313 0.0620193 1738 1903
96.7928 0.0615463 1903 2053
96.8543 0.0615463 2053 2192
96.9159 0.0615463 2192 2323
96.9168 0.000946045 2323 2446
96.9779 0.0610733 2446 2563
96.9789 0.000938416 2563 2675
97.0399 0.0610733 2675 2782
97.0409 0.000946045 2782 2885
97.1029 0.0620193 2885 2984
97.1644 0.0615463 2984 3080
97.2265 0.0620346 3080 2144
97.2871 0.0606232 2144 1608
97.2876 0.000473022 1608 1072
97.3501 0.0624847 1072 1340
97.4121 0.0620193 1340 1554
97.4741 0.0620193 1554 1738
97.5361 0.0620193 1738 1903
97.5977 0.0615463 1903 2053
97.6592 0.0615387 2053 2192
97.7207 0.0615463 2192 2323
97.7217 0.000946045 2323 2446
97.7828 0.0610733 2446 2563
97.7837 0.000946045 2563 2675
97.8448 0.0610733 2675 2782
97.8457 0.000946045 2782 2885
97.9077 0.0620117 2885 2984
97.9693 0.0615463 2984 3080
98.0308 0.0615463 3080 3173
98.1535 0.122643 3173 2144
98.1544 0.000961304 2144 1608
98.1549 0.000473022 1608 1072
98.2766 0.121674 1072 1340
98.3386 0.0620193 1340 1554
98.4006 0.0620193 1554 1738
98.4626 0.0620117 1738 1903
98.5867 0.124077 1903 1072
98.7098 0.123108 1072 1340
98.7718 0.0620193 1340 1554
98.8339 0.0620193 1554 1738
98.8959 0.0620193 1738 1903
98.9574 0.0615387 1903 2053
99.019 0.0615463 2053 2192
99.0805 0.0615463 2192 2323
99.0815 0.000946045 2323 2446
99.1425 0.0610733 2446 2563
99.1435 0.000946045 2563 2675
99.2045 0.0610733 2675 2782
99.2055 0.000946045 2782 2885
99.2675 0.0620117 2885 2984
99.329 0.0615463 2984 3080
99.3906 0.0615463 3080 3173
99.5133 0.122658 3173 1608
99.5137 0.000473022 1608 1072
99.6363 0.12262 1072 1340
99.6984 0.0620193 1340 1554
99.7604 0.0620117 1554 1738
99.8224 0.0620193 1738 1903
99.8839 0.0615463 1903 2053
99.9455 0.0615463 2053 2192
100.007 0.0615463 2192 2323
100.008 0.000946045 2323 2446
100.069 0.0610733 2446 2563
100.07 0.000938416 2563 2675
100.131 0.0610733 2675 2782
100.132 0.000946045 2782 2885
100.194 0.0620193 2885 2984
100.256 0.0615463 2984 3080
100.381 0.125015 3080 2144
100.381 0.000473022 2144 1608
100.442 0.0606384 1608 1072
101.442 1.00046 1072 536
101.765 0.32309 536 1072
101.827 0.0620193 1072 1340
101.889 0.0620117 1340 1554
101.951 0.0620193 1554 1738
102.013 0.0620193 1738 1903
102.075 0.0615463 1903 2053
102.136 0.0615463 2053 2192
102.198 0.0615463 2192 2323
102.199 0.000938416 2323 2446
102.26 0.0610733 2446 2563
102.261 0.000946045 2563 2675
102.322 0.0610733 2675 2782
102.323 0.000946045 2782 2885
102.385 0.0625076 2885 2144
102.446 0.0606232 2144 1608
102.447 0.000473022 1608 1072
102.509 0.0624847 1072 1340
102.571 0.0620193 1340 1554
102.633 0.0620193 1554 1738
102.695 0.0620193 1738 1903
102.757 0.0615387 1903 2053
102.818 0.0615463 2053 2192
102.88 0.0615463 2192 2323
102.881 0.000946045 2323 2446
102.942 0.0610733 2446 2563
102.943 0.000946045 2563 2675
103.004 0.0610733 2675 2782
103.127 0.123596 2782 1608
103.128 0.000473022 1608 1072
103.251 0.123566 1072 1340
103.313 0.0620193 1340 1554
103.375 0.0620193 1554 1738
103.437 0.0620117 1738 1903
103.499 0.0615463 1903 2053
103.561 0.0615463 2053 2192
103.622 0.0615463 2192 2323
103.623 0.000946045 2323 2446
103.684 0.0610733 2446 2563
103.685 0.000946045 2563 2675
103.746 0.0610733 2675 2782
103.747 0.000938416 2782 2885
103.809 0.0620193 2885 2984
103.871 0.0615463 2984 3080
103.932 0.0615463 3080 3173
104.055 0.122635 3173 2144
104.056 0.000968933 2144 1608
104.056 0.000465393 1608 1072
104.178 0.121681 1072 1340
104.24 0.0620117 1340 1554
104.302 0.0620193 1554 1738
104.364 0.0620193 1738 1903
104.426 0.0615463 1903 2053
104.487 0.0615463 2053 2192
104.55 0.0625076 2192 1608
104.61 0.0606232 1608 1072
104.673 0.0624847 1072 1340
104.735 0.0620193 1340 1554
104.797 0.0620193 1554 1738
104.859 0.0620193 1738 1903
104.92 0.0615463 1903 2053
104.982 0.0615387 2053 2192
105.043 0.0615463 2192 2323
105.105 0.0620422 2323 1608
105.106 0.000488281 1608 1072
105.352 0.245766 1072 536
105.413 0.0615463 536 1072
105.413 0 1072 1340
105.475 0.0620193 1340 1554
105.537 0.0620193 1554 1738
105.599 0.0620193 1738 1903
105.722 0.123123 1903 1072
105.845 0.123093 1072 1340
105.908 0.0620193 1340 1554
105.97 0.0620193 1554 1738
106.032 0.0620117 1738 1903
106.093 0.0615463 1903 2053
106.155 0.0615463 2053 2192
106.217 0.0624924 2192 2323
106.279 0.0620193 2323 2446
106.28 0.000938416 2446 2563
106.341 0.0610733 2563 2675
106.342 0.000946045 2675 2782
106.403 0.0610733 2782 2885
106.465 0.0615463 2885 2984
106.526 0.0615463 2984 3080
106.589 0.0625076 3080 2144
106.589 0.000473022 2144 1608
106.649 0.0601501 1608 1072
106.712 0.0624924 1072 1340
106.774 0.0620117 1340 1554
106.836 0.0620193 1554 1738
106.898 0.0620193 1738 1903
106.959 0.0615463 1903 2053
107.021 0.0615463 2053 2192
107.145 0.123596 2192 1608
107.145 0.000473022 1608 1072
107.268 0.12262 1072 1340
107.33 0.0620193 1340 1554
107.392 0.0620193 1554 1738
107.454 0.0620117 1738 1903
107.515 0.0615463 1903 2053
107.577 0.0615463 2053 2192
107.638 0.0615463 2192 2323
107.639 0.000946045 2323 2446
107.762 0.123131 2446 1608
107.763 0.000473022 1608 1072
108.824 1.06107 1072 536
109.147 0.32309 536 1072
109.209 0.0620193 1072 1340
109.271 0.0620117 1340 1554
109.333 0.0620193 1554 1738
109.395 0.0620193 1738 1903
109.457 0.0615463 1903 2053
109.518 0.0615463 2053 2192
109.58 0.0615463 2192 2323
109.581 0.000938416 2323 2446
109.642 0.0610733 2446 2563
109.643 0.000946045 2563 2675
109.704 0.0610733 2675 2782
109.705 0.000946045 2782 2885
109.767 0.0620346 2885 2144
109.767 0.000473022 2144 1608
109.827 0.0601501 1608 1072
109.89 0.0624924 1072 1340
109.952 0.0620117 1340 1554
110.014 0.0620193 1554 1738
110.076 0.0620193 1738 1903
110.138 0.0615463 1903 2053
110.199 0.0615463 2053 2192
110.261 0.0615463 2192 2323
110.262 0.000938416 2323 2446
110.323 0.0610733 2446 2563
110.324 0.000946045 2563 2675
110.385 0.0610733 2675 2782
110.386 0.000946045 2782 2885
110.448 0.0620193 2885 2984
110.509 0.0615463 2984 3080
110.571 0.0615387 3080 3173
110.632 0.0615463 3173 3263
110.694 0.0615463 3263 3351
110.755 0.0610733 3351 3436
110.757 0.00189209 3436 3519
110.818 0.0610733 3519 3600
110.879 0.0610733 3600 3679
110.881 0.00188446 3679 3757
110.942 0.0610733 3757 3833
111.003 0.0615463 3833 4288
111.129 0.12545 4288 4824
111.19 0.0615692 4824 4288
111.191 0.000473022 4288 3874
111.191 0.000473022 3874 3618
111.25 0.0582352 3618 3216
111.252 0.00283813 3216 3618
111.314 0.0615616 3618 3752
111.375 0.0610733 3752 3828
111.437 0.0615463 3828 4288
111.562 0.12545 4288 4824
111.623 0.0606232 4824 4288
111.623 0.000473022 4288 3874
111.624 0.000473022 3874 3618
111.624 0.000465393 3618 3216
111.685 0.0606232 3216 3618
111.686 0.000946045 3618 2680
111.747 0.0615463 2680 3618
111.808 0.0606384 3618 3697
111.869 0.0610733 3697 3774
111.871 0.00231934 3774 3850
111.933 0.0615845 3850 4288
112.055 0.12262 4288 4824
112.117 0.0615692 4824 4288
112.118 0.000465393 4288 3874
112.118 0.000473022 3874 3618
112.118 0.000473022 3618 3216
112.179 0.0606003 3216 3618
112.241 0.0615692 3618 3752
112.302 0.0610733 3752 3828
112.364 0.0620346 3828 3216
112.425 0.0615463 3216 3292
112.486 0.0611115 3292 2680
112.548 0.0615463 2680 2756
112.612 0.0643768 2756 2860
112.674 0.0615463 2860 2960
112.735 0.0615463 2960 3057
112.797 0.0615463 3057 3150
112.859 0.0615463 3150 3241
112.92 0.0615463 3241 3329
112.982 0.0620499 3329 2680
112.984 0.00143433 2680 2144
113.044 0.0601349 2144 2680
113.045 0.00141144 2680 2756
113.106 0.0610962 2756 2860
113.168 0.0615463 2860 2960
113.229 0.0615463 2960 3057
113.291 0.0615463 3057 3150
113.352 0.0615463 3150 3241
113.414 0.0615387 3241 3329
113.475 0.061058 3329 3415
113.477 0.00190735 3415 3499
113.538 0.0610733 3499 3581
113.599 0.061058 3581 3661
113.661 0.0620346 3661 2680
113.723 0.0615463 2680 2756
113.784 0.0610886 2756 2860
113.845 0.0615463 2860 2960
113.907 0.0615463 2960 3057
113.968 0.0615692 3057 2144
114.03 0.0615387 2144 2521
114.091 0.0615463 2521 2634
114.153 0.0620193 2634 2743
114.154 0.000946045 2743 2847
114.216 0.0620193 2847 2947
114.278 0.0615463 2947 3044
114.339 0.0615387 3044 3138
114.401 0.0615463 3138 3229
114.463 0.0615463 3229 3317
114.464 0.00189209 3317 3403
114.526 0.0610733 3403 3487
114.587 0.0610733 3487 3569
114.589 0.00188446 3569 3649
114.71 0.121696 3649 2680
114.711 0.000473022 2680 2521
114.712 0.00143433 2521 2144
114.772 0.059639 2144 2521
114.833 0.0615463 2521 2634
114.836 0.00284576 2634 2743
114.895 0.0591736 2743 2847
114.957 0.0615387 2847 2947
115.018 0.0615463 2947 3044
115.08 0.0615463 3044 3138
115.144 0.064415 3138 2144
115.206 0.0615463 2144 2521
115.267 0.0615463 2521 2634
115.327 0.0591888 2634 2743
115.329 0.00283051 2743 2847
115.391 0.0615463 2847 2947
115.453 0.0615463 2947 3044
115.514 0.0615463 3044 3138
115.576 0.0615463 3138 3229
115.637 0.0615387 3229 3317
115.639 0.00189209 3317 3403
115.7 0.0610733 3403 3487
115.761 0.0610733 3487 3569
115.763 0.00189209 3569 3649
115.824 0.0610733 3649 3727
115.885 0.0610733 3727 3804
115.947 0.0620346 3804 3216
115.948 0.000473022 3216 2705
115.948 0.000473022 2705 2521
115.949 0.000465393 2521 2144
116.009 0.0601349 2144 2521
116.132 0.122673 2521 1608
116.193 0.0615463 1608 1985
116.194 0.000946045 1985 2129
116.256 0.0615463 2129 2263
116.317 0.0615463 2263 2389
116.318 0.000938416 2389 2509
116.379 0.0610733 2509 2623
116.38 0.000946045 2623 2732
116.441 0.0610733 2732 2837
116.503 0.0615463 2837 2938
116.564 0.0615463 2938 3035
116.626 0.0615463 3035 3129
116.687 0.0615463 3129 3220
116.749 0.0615463 3220 3309
116.751 0.00188446 3309 3395
116.812 0.0610733 3395 3479
116.873 0.0615692 3479 2680
116.874 0.000473022 2680 2144
116.934 0.0601425 2144 1985
116.934 0.000473022 1985 1608
116.935 0.000923157 1608 1985
116.997 0.0610962 1985 2129
117.058 0.0615463 2129 2263
117.12 0.0615463 2263 2389
117.182 0.0620193 2389 2509
117.244 0.0620117 2509 2623
117.245 0.000946045 2623 2732
117.306 0.0610733 2732 2837
117.367 0.0615463 2837 2938
117.429 0.0615616 2938 2144
117.429 0.000473022 2144 1985
117.43 0.000495911 1985 1608
117.49 0.0605774 1608 1985
117.492 0.00143433 1985 2129
117.615 0.123131 2129 1072
117.676 0.0615463 1072 1593
118.676 1 1593 536
120.261 1.58464 536 1072
120.323 0.0620193 1072 1340
120.385 0.0620117 1340 1554
120.447 0.0620193 1554 1738
120.509 0.0620193 1738 1903
120.571 0.0615463 1903 2053
120.632 0.0615463 2053 2192
120.694 0.0615463 2192 2323
120.695 0.000938416 2323 2446
120.756 0.0610733 2446 2563
120.757 0.000946045 2563 2675
120.818 0.0610733 2675 2782
120.819 0.000946045 2782 2885
120.881 0.0620193 2885 2984
120.942 0.0615463 2984 3080
121.004 0.0615387 3080 3173
121.065 0.0615463 3173 3263
121.127 0.0615463 3263 3351
121.188 0.0610733 3351 3436
121.19 0.00189209 3436 3519
121.251 0.0610733 3519 3600
121.312 0.0610733 3600 3679
121.375 0.0625076 3679 2680
121.375 0.000473022 2680 2144
121.435 0.0601501 2144 1608
121.436 0.000473022 1608 1072
122.437 1.00092 1072 536
122.76 0.32309 536 1072
122.822 0.0620193 1072 1340
122.884 0.0620117 1340 1554
122.946 0.0620193 1554 1738
123.008 0.0620193 1738 1903
123.069 0.0615463 1903 2053
123.192 0.123131 2053 1072
123.316 0.123093 1072 1340
123.378 0.0620117 1340 1554
124.378 1 1554 536
124.701 0.323097 536 1072
124.763 0.0620117 1072 1340
124.825 0.0620193 1340 1554
124.887 0.0620193 1554 1738
124.949 0.0620193 1738 1903
125.01 0.0615463 1903 2053
125.072 0.0615387 2053 2192
125.133 0.0615463 2192 2323
125.134 0.000946045 2323 2446
125.195 0.0610733 2446 2563
125.196 0.000946045 2563 2675
125.258 0.0620346 2675 1608
125.319 0.0606232 1608 1072
125.381 0.0624847 1072 1340
125.443 0.0620193 1340 1554
125.505 0.0620193 1554 1738
125.567 0.0620193 1738 1903
125.629 0.0615463 1903 2053
125.691 0.0615463 2053 2192
125.752 0.0615463 2192 2323
125.753 0.000938416 2323 2446
125.814 0.0610733 2446 2563
125.815 0.000946045 2563 2675
125.876 0.0610733 2675 2782
125.877 0.000946045 2782 2885
125.939 0.0620193 2885 2984
126.001 0.0615387 2984 3080
126.062 0.0615463 3080 3173
126.124 0.0615463 3173 3263
126.185 0.0615692 3263 2680
126.186 0.000938416 2680 1608
126.246 0.0596771 1608 1072
126.308 0.0624924 1072 1340
126.37 0.0620193 1340 1554
126.632 0.261543 1554 1738
126.755 0.123131 1738 1072
126.878 0.123093 1072 1340
126.94 0.0620193 1340 1554
127.002 0.0620117 1554 1738
127.064 0.0620193 1738 1903
127.126 0.0615463 1903 2053
127.187 0.0615463 2053 2192
127.249 0.0615463 2192 2323
127.25 0.000938416 2323 2446
127.311 0.0610809 2446 2563
127.312 0.000938416 2563 2675
127.373 0.0610733 2675 2782
127.374 0.000946045 2782 2885
127.436 0.0620193 2885 2984
127.497 0.0615463 2984 3080
127.559 0.0615463 3080 3173
127.621 0.0615463 3173 3263
127.682 0.0615387 3263 3351
127.743 0.0610733 3351 3436
127.745 0.00189209 3436 3519
127.806 0.0610733 3519 3600
127.867 0.0610733 3600 3679
127.929 0.0615616 3679 2680
127.929 0.000473022 2680 2144
127.93 0.000968933 2144 1608
127.931 0.000465393 1608 1072
128.052 0.121185 1072 1340
128.114 0.062027 1340 1554
128.176 0.0620117 1554 1738
128.238 0.0620117 1738 1903
128.299 0.061554 1903 2053
128.361 0.0615387 2053 2192
128.423 0.061554 2192 2323
128.423 0.000930786 2323 2446
128.485 0.0610809 2446 2563
128.608 0.123123 2563 1608
128.608 0.000473022 1608 1072
128.854 0.245773 1072 536
128.915 0.0615387 536 1072
128.915 0 1072 1340
128.977 0.062027 1340 1554
129.04 0.0620117 1554 1738
129.102 0.062027 1738 1903
129.163 0.0615387 1903 2053
129.225 0.061554 2053 2192
129.286 0.0615387 2192 2323
129.287 0.000946045 2323 2446
129.348 0.0610657 2446 2563
129.349 0.000946045 2563 2675
129.41 0.0610809 2675 2782
129.411 0.000946045 2782 2885
129.473 0.0620117 2885 2984
129.535 0.0615387 2984 3080
129.657 0.12265 3080 2144
129.658 0.000961304 2144 1608
129.659 0.000473022 1608 1072
129.78 0.121674 1072 1340
129.842 0.0620117 1340 1554
129.904 0.062027 1554 1738
129.967 0.0620117 1738 1903
130.091 0.124069 1903 1072
130.214 0.123108 1072 1340
130.276 0.062027 1340 1554
130.338 0.0620117 1554 1738
130.4 0.062027 1738 1903
130.524 0.124069 1903 1072
131.585 1.06154 1072 536
131.908 0.32309 536 1072
131.97 0.062027 1072 1340
132.032 0.0620117 1340 1554
132.095 0.062027 1554 1738
132.157 0.0620117 1738 1903
132.218 0.0615387 1903 2053
132.28 0.061554 2053 2192
132.341 0.0615387 2192 2323
132.342 0.000946045 2323 2446
132.403 0.0610809 2446 2563
132.404 0.000946045 2563 2675
132.465 0.0610657 2675 2782
132.466 0.000946045 2782 2885
132.589 0.122635 2885 2144
132.589 0.000473022 2144 1608
132.59 0.000488281 1608 1072
132.712 0.122131 1072 1340
132.774 0.062027 1340 1554
132.836 0.0620117 1554 1738
132.898 0.0620117 1738 1903
132.959 0.061554 1903 2053
133.021 0.0615387 2053 2192
133.083 0.061554 2192 2323
133.084 0.000946045 2323 2446
133.145 0.0610657 2446 2563
133.146 0.000946045 2563 2675
133.207 0.0610657 2675 2782
133.208 0.000946045 2782 2885
133.27 0.062027 2885 2984
133.331 0.0615387 2984 3080
133.393 0.061554 3080 3173
133.454 0.0615387 3173 3263
133.516 0.0615387 3263 3351
133.577 0.0610809 3351 3436
133.579 0.00190735 3436 2680
133.638 0.0596619 2680 2144
133.639 0.000976562 2144 1608
133.64 0.000930786 1608 1072
133.702 0.061554 1072 536
133.763 0.061554 536 1072
133.763 0 1072 1340
133.825 0.0620117 1340 1554
133.887 0.062027 1554 1738
133.949 0.0620117 1738 1903
134.011 0.0615387 1903 2053
134.073 0.061554 2053 2192
134.134 0.0615387 2192 2323
134.135 0.000946045 2323 2446
134.196 0.0610809 2446 2563
134.258 0.0620117 2563 2675
134.32 0.062027 2675 2782
134.321 0.000930786 2782 2885
134.383 0.062027 2885 2984
134.445 0.0615387 2984 3080
134.506 0.061554 3080 3173
134.568 0.0615387 3173 3263
134.629 0.061554 3263 3351
134.631 0.00187683 3351 3436
134.692 0.0610809 3436 3519
134.753 0.0610657 3519 3600
134.755 0.00189209 3600 3679
134.816 0.0610809 3679 3757
134.877 0.0610657 3757 3833
134.939 0.061554 3833 4288
135 0.0615387 4288 4355
135.063 0.0629883 4355 3216
135.248 0.184647 3216 3305
135.25 0.00234985 3305 3391
135.311 0.0606079 3391 3475
135.372 0.0610809 3475 3557
135.434 0.0620117 3557 3637
135.435 0.000946045 3637 3715
135.497 0.062027 3715 3792
135.558 0.0610657 3792 3867
135.62 0.061554 3867 4288
135.681 0.0615387 4288 4824
135.745 0.0639191 4824 4288
135.746 0.000473022 4288 3874
135.746 0.000473022 3874 3618
135.747 0.000473022 3618 3216
135.866 0.119797 3216 3618
135.928 0.0615387 3618 3697
135.93 0.00189209 3697 3774
135.991 0.0610657 3774 3850
136.052 0.061554 3850 4288
136.178 0.125488 4288 3752
136.237 0.0587158 3752 2680
136.298 0.0615845 2680 3216
136.299 0.000442505 3216 3618
136.299 0.000488281 3618 3216
136.606 0.306931 3216 2680
136.668 0.061554 2680 3216
137.175 0.507416 3216 536
137.498 0.32309 536 1072
137.56 0.0620117 1072 1608
137.622 0.062027 1608 2144
137.684 0.0615387 2144 2680
137.684 0 2680 2787
137.685 0.000946045 2787 2890
137.808 0.123154 2890 2144
137.808 0.000457764 2144 1608
137.869 0.0610962 1608 2144
138.869 1 2144 536
139.192 0.32309 536 1072
140.192 1 1072 536
141.777 1.58464 536 1072
141.839 0.062027 1072 1340
141.901 0.0620117 1340 1554
141.963 0.0620117 1554 1738
142.226 0.262497 1738 1903
142.288 0.0620117 1903 2053
142.349 0.061554 2053 2192
142.411 0.0615387 2192 2323
142.412 0.000946045 2323 2446
142.473 0.0610657 2446 2563
142.474 0.000946045 2563 2675
142.535 0.0610809 2675 2782
142.536 0.000946045 2782 2885
142.659 0.123108 2885 2144
142.66 0.000961304 2144 1608
142.66 0.000473022 1608 1072
142.981 0.321198 1072 1340
143.166 0.184692 1340 536
143.228 0.061554 536 1072
143.228 0 1072 1340
144.228 1 1340 536
144.551 0.32309 536 1072
144.613 0.0620117 1072 1340
144.675 0.062027 1340 1554
144.737 0.0620117 1554 1738
144.799 0.062027 1738 1903
144.86 0.0615387 1903 2053
144.922 0.0615387 2053 2192
144.984 0.061554 2192 2323
144.984 0.000946045 2323 2446
145.046 0.0610657 2446 2563
145.046 0.000946045 2563 2675
145.108 0.0610809 2675 2782
145.17 0.0625 2782 2144
145.231 0.0606232 2144 1608
145.231 0.000473022 1608 1072
145.294 0.0624847 1072 1340
145.356 0.062027 1340 1554
145.418 0.0620117 1554 1738
145.48 0.062027 1738 1903
145.541 0.0615387 1903 2053
145.603 0.0615387 2053 2192
145.664 0.061554 2192 2323
145.665 0.000946045 2323 2446
145.726 0.0610657 2446 2563
145.727 0.000946045 2563 2675
145.788 0.0610809 2675 2782
145.789 0.000946045 2782 2885
145.851 0.0620117 2885 2984
145.913 0.0615387 2984 3080
145.974 0.061554 3080 3173
146.097 0.122147 3173 3263
146.159 0.0625 3263 2680
146.16 0.000473022 2680 2144
146.16 0.000473022 2144 1608
146.22 0.0596771 1608 1072
146.282 0.0625 1072 1340
146.344 0.0620117 1340 1554
146.406 0.0620117 1554 1738
146.468 0.062027 1738 1903
146.53 0.0615387 1903 2053
146.591 0.061554 2053 2192
146.653 0.0615387 2192 2323
146.654 0.000946045 2323 2446
146.715 0.0610657 2446 2563
146.716 0.000946045 2563 2675
146.777 0.0610809 2675 2782
146.778 0.000946045 2782 2885
146.84 0.0620117 2885 2984
146.901 0.061554 2984 3080
146.963 0.0615387 3080 3173
147.025 0.0615387 3173 3263
147.086 0.061554 3263 3351
147.147 0.0610657 3351 3436
147.209 0.062027 3436 3519
147.21 0.000946045 3519 3600
147.272 0.0620117 3600 3679
147.333 0.0610809 3679 3757
147.396 0.0625 3757 2680
147.396 0.000473022 2680 2144
147.397 0.000473022 2144 1608
147.397 0.000473022 1608 1072
147.519 0.121674 1072 1340
147.581 0.0620117 1340 1554
147.643 0.062027 1554 1738
147.705 0.0620117 1738 1903
147.766 0.061554 1903 2053
147.828 0.0615387 2053 2192
147.889 0.061554 2192 2323
147.89 0.000930786 2323 2446
147.952 0.0610809 2446 2563
147.952 0.000946045 2563 2675
148.014 0.0610657 2675 2782
148.014 0.000946045 2782 2885
148.076 0.062027 2885 2984
148.138 0.0615387 2984 3080
148.2 0.061554 3080 3173
148.261 0.0615387 3173 3263
148.323 0.0615387 3263 3351
148.384 0.0610809 3351 3436
148.386 0.00190735 3436 2680
148.445 0.0596619 2680 2144
148.446 0.000473022 2144 1608
148.446 0.000488281 1608 1072
149.447 1.00092 1072 536
149.77 0.32309 536 1072
149.832 0.062027 1072 1340
149.894 0.0620117 1340 1554
149.956 0.062027 1554 1738
150.018 0.0620117 1738 1903
150.08 0.0615387 1903 2053
150.141 0.061554 2053 2192
150.203 0.0615387 2192 2323
150.265 0.0620422 2323 1608
150.266 0.000488281 1608 1072
150.388 0.12262 1072 1340
150.45 0.062027 1340 1554
150.512 0.0620117 1554 1738
150.574 0.0620117 1738 1903
150.636 0.061554 1903 2053
150.697 0.0615387 2053 2192
150.759 0.061554 2192 2323
150.821 0.0620117 2323 2446
150.883 0.0620117 2446 2563
150.884 0.000946045 2563 2675
150.945 0.0610809 2675 2782
150.946 0.000946045 2782 2885
151.008 0.0620117 2885 2984
151.069 0.061554 2984 3080
151.131 0.0615387 3080 3173
151.192 0.0615387 3173 3263
151.254 0.061554 3263 3351
151.315 0.0610657 3351 3436
151.377 0.0620422 3436 2680
151.378 0.000473022 2680 2144
151.378 0.000473022 2144 1608
151.379 0.000488281 1608 1072
151.5 0.121674 1072 1340
151.562 0.062027 1340 1554
151.624 0.0620117 1554 1738
151.686 0.0620117 1738 1903
151.748 0.061554 1903 2053
151.871 0.123123 2053 1072
151.994 0.123093 1072 1340
152.056 0.062027 1340 1554
152.118 0.0620117 1554 1738
152.18 0.0620117 1738 1903
152.242 0.061554 1903 2053
152.303 0.0615387 2053 2192
152.365 0.061554 2192 2323
152.366 0.000946045 2323 2446
152.427 0.0610657 2446 2563
152.428 0.000946045 2563 2675
152.489 0.0610657 2675 2782
152.612 0.123154 2782 2144
152.612 0.000473022 2144 1608
152.613 0.000473022 1608 1072
152.935 0.322174 1072 1340
153.12 0.184692 1340 536
153.181 0.0615387 536 1072
153.181 0 1072 1340
153.243 0.0620117 1340 1554
153.305 0.062027 1554 1738
153.43 0.124542 1738 1072
153.553 0.123108 1072 1340
153.615 0.062027 1340 1554
153.677 0.0620117 1554 1738
153.739 0.0620117 1738 1903
153.801 0.061554 1903 2053
153.862 0.0615387 2053 2192
153.924 0.061554 2192 2323
153.925 0.000946045 2323 2446
153.986 0.0610657 2446 2563
153.987 0.000946045 2563 2675
154.048 0.0610809 2675 2782
154.049 0.000930786 2782 2885
154.111 0.062027 2885 2984
154.172 0.0615387 2984 3080
154.234 0.061554 3080 3173
154.356 0.122635 3173 2144
154.357 0.000961304 2144 1608
154.358 0.000473022 1608 1072
154.48 0.121674 1072 1340
154.542 0.0620117 1340 1554
154.604 0.062027 1554 1738
154.666 0.0620117 1738 1903
154.727 0.061554 1903 2053
154.789 0.0615387 2053 2192
154.85 0.061554 2192 2323
154.851 0.000930786 2323 2446
154.912 0.0610809 2446 2563
154.913 0.000946045 2563 2675
154.974 0.0610657 2675 2782
154.975 0.000946045 2782 2885
155.098 0.12262 2885 2984
155.159 0.061554 2984 3080
155.221 0.0615387 3080 3173
155.282 0.061554 3173 3263
155.344 0.0615387 3263 3351
155.346 0.00189209 3351 3436
155.407 0.0610657 3436 3519
155.468 0.0610809 3519 3600
155.47 0.00189209 3600 3679
155.531 0.0610657 3679 3757
155.592 0.0610809 3757 3833
155.654 0.0615387 3833 4288
155.778 0.124054 4288 3752
155.778 0.000473022 3752 3216
155.962 0.184189 3216 3305
155.965 0.00233459 3305 3391
156.025 0.0606232 3391 3475
156.086 0.0610657 3475 3557
156.089 0.00234985 3557 3637
156.149 0.0606232 3637 3715
156.21 0.0610657 3715 3792
156.213 0.00234985 3792 3867
156.274 0.061554 3867 4288
156.336 0.061554 4288 4824
156.397 0.0610962 4824 4355
156.397 0.000457764 4355 4121
156.398 0.000473022 4121 3618
156.398 0.000473022 3618 3216
156.458 0.0601349 3216 3618
156.52 0.0615387 3618 3697
156.582 0.0615692 3697 2680
156.643 0.061554 2680 3161
156.646 0.00238037 3161 3251
156.707 0.0615387 3251 3339
156.768 0.0610809 3339 3425
156.77 0.00187683 3425 3508
156.831 0.0610809 3508 3589
156.892 0.0610657 3589 3669
156.894 0.00189209 3669 3747
156.955 0.0610809 3747 3823
157.016 0.0610657 3823 3898
157.018 0.00190735 3898 3216
157.019 0.000473022 3216 3161
157.078 0.0591888 3161 2680
157.08 0.00187683 2680 3161
157.141 0.0610962 3161 3251
157.202 0.061554 3251 3339
157.263 0.0610504 3339 3425
157.265 0.00190735 3425 3508
157.326 0.0610962 3508 2680
157.388 0.0615387 2680 2972
157.449 0.0610962 2972 3068
157.511 0.0615387 3068 3161
157.572 0.061554 3161 3251
157.634 0.0615387 3251 3339
157.635 0.00189209 3339 3425
157.697 0.0610809 3425 3508
157.759 0.0620422 3508 2680
157.819 0.0606232 2680 2144
157.82 0.000946045 2144 2680
157.82 0 2680 2972
157.88 0.0601501 2972 2680
158.498 0.617554 2680 2144
158.559 0.0615692 2144 2680
158.82 0.260727 2680 536
159.143 0.32309 536 1072
159.205 0.062027 1072 1608
159.267 0.0620117 1608 2144
159.267 0 2144 2278
159.329 0.061554 2278 2404
159.33 0.000930786 2404 2523
159.392 0.0620422 2523 1608
159.453 0.0615387 1608 1987
159.514 0.0610962 1987 2131
159.576 0.061554 2131 2265
159.638 0.0615387 2265 2391
159.639 0.000946045 2391 2511
159.7 0.0610809 2511 2625
159.701 0.000930786 2625 2734
159.762 0.0610809 2734 2839
159.823 0.0615387 2839 2940
159.885 0.061554 2940 3037
159.946 0.0615387 3037 3131
160.008 0.061554 3131 3222
160.069 0.0615387 3222 3311
160.071 0.00189209 3311 3397
160.132 0.0610657 3397 3481
160.194 0.062027 3481 3563
160.195 0.000946045 3563 3643
160.257 0.0620117 3643 3721
160.318 0.0610962 3721 2680
160.319 0.000473022 2680 2144
160.319 0.000473022 2144 1987
160.32 0.000488281 1987 1608
160.38 0.0601044 1608 1987
160.441 0.0610962 1987 2131
160.503 0.061554 2131 2265
160.565 0.0625 2265 1608
160.627 0.061554 1608 1729
160.688 0.0610809 1729 1895
160.95 0.262024 1895 2046
161.012 0.0620117 2046 2186
161.073 0.061554 2186 2317
161.074 0.000946045 2317 2440
161.135 0.0610657 2440 2557
161.136 0.000946045 2557 2669
161.197 0.0610809 2669 2776
161.198 0.000930786 2776 2879
161.26 0.062027 2879 2978
161.322 0.0615387 2978 3074
161.383 0.061554 3074 3167
161.506 0.122147 3167 3257
161.567 0.0615387 3257 3345
161.569 0.00189209 3345 3430
161.63 0.0610657 3430 3513
161.691 0.0610809 3513 3594
161.693 0.00189209 3594 3673
161.754 0.0610657 3673 3751
161.815 0.0610962 3751 2680
161.816 0.000473022 2680 2144
161.816 0.000473022 2144 1729
161.817 0.000488281 1729 1608
161.877 0.0601044 1608 1729
161.938 0.0610962 1729 1895
161.999 0.061554 1895 2046
162.061 0.0615387 2046 2186
162.184 0.123611 2186 1608
162.246 0.0615387 1608 1650
162.247 0.000946045 1650 1824
162.309 0.0615387 1824 1981
162.37 0.061554 1981 2126
162.432 0.0615387 2126 2261
162.493 0.061554 2261 2388
162.494 0.000930786 2388 2508
162.555 0.0610809 2508 2622
162.556 0.000946045 2622 2731
162.617 0.0610657 2731 2836
162.679 0.061554 2836 2937
162.74 0.0615387 2937 3034
162.802 0.061554 3034 3128
162.863 0.0615387 3128 3219
162.925 0.061554 3219 3308
162.927 0.00187683 3308 3394
162.988 0.0610809 3394 3478
162.989 0.000946045 3478 3560
163.051 0.0620117 3560 3640
163.112 0.0610809 3640 3718
163.114 0.00187683 3718 3795
163.175 0.0610809 3795 3870
163.236 0.0615387 3870 4288
163.298 0.0615845 4288 3752
163.298 0.000473022 3752 3216
163.361 0.0630035 3216 2680
163.423 0.061554 2680 3216
163.484 0.0610809 3216 3305
163.545 0.0610657 3305 3391
163.547 0.00190735 3391 3475
163.608 0.0610657 3475 3557
163.669 0.0610504 3557 3637
163.671 0.00190735 3637 3715
163.732 0.0610809 3715 3792
163.794 0.0615692 3792 3216
163.917 0.12355 3216 3752
163.978 0.0610809 3752 3828
164.04 0.0615387 3828 4288
164.103 0.0634613 4288 3752
164.104 0.000473022 3752 3216
164.286 0.182297 3216 2680
164.35 0.0639343 2680 2787
164.412 0.061554 2787 2890
164.474 0.062027 2890 2680
164.534 0.0606232 2680 2354
164.535 0.000473022 2354 2144
164.535 0.000457764 2144 2354
164.597 0.0615692 2354 2476
164.598 0.00138855 2476 2592
164.659 0.0606232 2592 2702
164.66 0.00138855 2702 2808
164.722 0.0615692 2808 2910
164.783 0.061554 2910 3008
164.845 0.0615387 3008 3103
164.906 0.061554 3103 3195
165.029 0.122635 3195 2144
165.091 0.0615387 2144 2354
165.152 0.0615692 2354 2476
165.154 0.00189209 2476 2592
165.214 0.0601196 2592 2702
165.216 0.00189209 2702 2808
165.278 0.061554 2808 2910
165.339 0.0615387 2910 3008
165.401 0.0615387 3008 3103
165.462 0.061554 3103 3195
165.524 0.0615387 3195 3284
165.585 0.0615692 3284 2680
165.586 0.000473022 2680 2354
165.586 0.000473022 2354 2144
165.647 0.0606079 2144 2354
165.708 0.0615387 2354 2476
165.769 0.0606232 2476 2592
165.77 0.00138855 2592 2702
165.831 0.0606232 2702 2808
165.893 0.061554 2808 2910
165.954 0.0615387 2910 3008
166.016 0.061554 3008 3103
166.077 0.0615387 3103 3195
166.139 0.0615387 3195 3284
166.2 0.061554 3284 3371
166.202 0.00189209 3371 3456
166.263 0.0610657 3456 3539
166.324 0.0610809 3539 3620
166.326 0.00187683 3620 3699
166.387 0.0610809 3699 3776
166.448 0.0610657 3776 3852
166.51 0.061554 3852 4288
166.635 0.124527 4288 3752
166.635 0.000473022 3752 3216
166.758 0.122635 3216 3752
166.819 0.0610809 3752 3828
166.88 0.0615387 3828 4288
167.006 0.125946 4288 3752
167.007 0.000473022 3752 3216
167.13 0.123108 3216 3752
167.191 0.0610657 3752 3828
167.252 0.061554 3828 4288
167.313 0.0606232 4288 3752
167.314 0.000961304 3752 3216
167.314 0.000473022 3216 2680
167.375 0.0601196 2680 3216
167.438 0.062973 3216 3752
167.498 0.0605927 3752 3828
167.561 0.0629883 3828 3216
167.684 0.123093 3216 3305
167.746 0.0620575 3305 3216
167.747 0.000457764 3216 2769
167.806 0.0596771 2769 2680
167.807 0.000930786 2680 2769
167.868 0.0606232 2769 2872
167.929 0.0615387 2872 2972
167.991 0.061554 2972 3068
168.053 0.0615387 3068 3161
168.114 0.061554 3161 3251
168.176 0.0615387 3251 3339
168.178 0.00234985 3339 3425
168.239 0.0606079 3425 3508
168.3 0.0610809 3508 3589
168.302 0.00233459 3589 3669
168.363 0.0606232 3669 3747
168.424 0.0610809 3747 3823
168.426 0.00233459 3823 3898
168.488 0.0615692 3898 3971
168.549 0.0615387 3971 4043
168.794 0.244797 4043 3216
168.795 0.00140381 3216 3032
168.796 0.000473022 3032 2680
168.856 0.0596619 2680 3032
168.917 0.0610962 3032 3126
168.978 0.0615387 3126 3217
169.04 0.061554 3217 3306
169.041 0.000946045 3306 3392
169.103 0.0620117 3392 3476
169.164 0.0610657 3476 3558
169.166 0.00189209 3558 3638
169.227 0.0610809 3638 3716
169.288 0.0610657 3716 3793
169.29 0.00189209 3793 3868
169.352 0.0620117 3868 4288
169.474 0.12262 4288 4824
169.535 0.0610809 4824 5360
169.537 0.00190735 5360 4824
169.538 0.000473022 4824 4422
169.538 0.000473022 4422 4020
169.539 0.000473022 4020 3752
169.6 0.061554 3752 4020
169.659 0.0582428 4020 3752
169.91 0.251022 3752 3216
169.971 0.0615692 3216 3752
170.399 0.427689 3752 3216
170.46 0.0615845 3216 3752
170.521 0.0601349 3752 3216
170.582 0.0615692 3216 3752
170.6 0.0181885 3752 536
170.923 0.32309 536 1072
170.985 0.062027 1072 1608
171.047 0.0620117 1608 2144
171.109 0.061554 2144 2680
171.11 0.000946045 2680 3216
171.11 0 3216 3305
171.172 0.0620117 3305 3391
171.233 0.0610657 3391 3475
171.235 0.00189209 3475 3557
171.297 0.062027 3557 3637
171.357 0.0601196 3637 3715
171.36 0.00283813 3715 3792
171.421 0.0610657 3792 3867
171.482 0.061554 3867 3941
172.161 0.678909 3941 3216
172.222 0.0606384 3216 2680
172.223 0.000915527 2680 3216
172.345 0.122177 3216 3305
172.408 0.062973 3305 3216
172.469 0.0606232 3216 2769
172.469 0.000473022 2769 2680
172.47 0.000930786 2680 2769
172.531 0.0610809 2769 2872
172.593 0.061554 2872 2972
172.654 0.0615387 2972 3068
172.716 0.061554 3068 3161
172.777 0.0615387 3161 3251
172.839 0.061554 3251 3339
172.841 0.00187683 3339 3425
172.902 0.0610809 3425 3508
172.963 0.0610962 3508 2680
173.025 0.0615387 2680 2769
173.086 0.0610962 2769 2872
173.147 0.0615387 2872 2972
173.209 0.061554 2972 3068
173.273 0.0639038 3068 2144
173.334 0.0615387 2144 2532
173.396 0.0615845 2532 1608
173.457 0.061554 1608 1996
173.518 0.0610962 1996 2139
173.58 0.0615387 2139 2273
173.641 0.061554 2273 2399
173.642 0.000930786 2399 2518
173.703 0.0610809 2518 2632
173.704 0.000946045 2632 2741
173.766 0.0610657 2741 2845
173.827 0.061554 2845 2945
173.889 0.0615387 2945 3042
173.95 0.061554 3042 3136
174.012 0.0615387 3136 3227
174.073 0.061554 3227 3316
174.075 0.00187683 3316 3402
174.136 0.0610809 3402 3486
174.197 0.0610657 3486 3568
174.199 0.00189209 3568 3648
174.26 0.0610809 3648 3726
174.321 0.0610657 3726 3803
174.323 0.00189209 3803 3878
174.385 0.0615692 3878 3216
174.385 0.000457764 3216 2680
174.386 0.000473022 2680 2274
174.445 0.0596771 2274 1996
174.446 0.000473022 1996 1608
175.323 0.87735 1608 536
175.646 0.32309 536 1072
176.646 1 1072 536
176.969 0.32309 536 1072
177.031 0.0620117 1072 1340
177.093 0.062027 1340 1554
177.155 0.0620117 1554 1738
177.217 0.062027 1738 1903
177.279 0.0615387 1903 2053
177.341 0.0615387 2053 2192
177.402 0.061554 2192 2323
177.403 0.000946045 2323 2446
177.464 0.0610657 2446 2563
177.465 0.000946045 2563 2675
177.526 0.0610809 2675 2782
177.527 0.000946045 2782 2885
177.589 0.0620117 2885 2984
177.651 0.0615387 2984 3080
177.712 0.061554 3080 3173
177.774 0.0615387 3173 3263
177.835 0.061554 3263 3351
177.896 0.0610657 3351 3436
177.958 0.0615692 3436 2680
177.958 0.000473022 2680 2144
177.959 0.000961304 2144 1608
177.96 0.000473022 1608 1072
178.081 0.121185 1072 1340
178.143 0.0620117 1340 1554
178.205 0.062027 1554 1738
178.267 0.0620117 1738 1903
178.329 0.061554 1903 2053
178.39 0.0615387 2053 2192
178.452 0.0615387 2192 2323
178.453 0.000946045 2323 2446
178.514 0.0610809 2446 2563
178.515 0.000946045 2563 2675
178.576 0.0610657 2675 2782
178.577 0.000946045 2782 2885
178.639 0.0620117 2885 2984
178.7 0.061554 2984 3080
178.762 0.0615387 3080 3173
178.823 0.061554 3173 3263
178.885 0.0615387 3263 3351
178.946 0.0610809 3351 3436
178.948 0.00187683 3436 3519
179.009 0.0610809 3519 3600
179.07 0.0610809 3600 3679
179.072 0.00187683 3679 3757
179.133 0.0610809 3757 3833
179.194 0.0615387 3833 4288
179.38 0.185135 4288 3216
179.505 0.124969 3216 3752
179.564 0.0596771 3752 3828
179.629 0.0643768 3828 3216
179.752 0.123123 3216 3752
179.812 0.0601501 3752 3828
179.873 0.0615387 3828 4288
180.06 0.186523 4288 4824
180.121 0.0610962 4824 4288
180.122 0.000473022 4288 3874
180.122 0.000473022 3874 3618
180.123 0.000961304 3618 3216
180.124 0.000946045 3216 2680
180.183 0.0587158 2680 3618
180.244 0.0615845 3618 2680
180.306 0.0615387 2680 3082
180.367 0.0610962 3082 3175
180.428 0.0615387 3175 3265
180.49 0.061554 3265 3352
180.494 0.0037384 3352 3437
180.553 0.0592194 3437 3520
180.614 0.0610657 3520 3601
180.618 0.0037384 3601 3680
180.677 0.0592346 3680 3758
180.738 0.0610657 3758 3834
180.801 0.0625153 3834 3216
180.801 0.000473022 3216 3082
180.803 0.00184631 3082 2680
180.862 0.0592194 2680 3082
180.923 0.0610962 3082 3175
180.985 0.0615387 3175 3265
181.046 0.061554 3265 3352
181.05 0.00372314 3352 3437
181.109 0.0592346 3437 3520
181.17 0.0610809 3520 3601
181.174 0.00370789 3601 3680
181.233 0.0592499 3680 3758
181.294 0.0610657 3758 3834
181.356 0.061554 3834 4288
181.481 0.125443 4288 4824
181.542 0.0610809 4824 5360
181.604 0.0615387 5360 5896
181.727 0.12262 5896 6432
181.854 0.12735 6432 6968
181.915 0.0610657 6968 7504
181.977 0.061554 7504 8040
182.1 0.123566 8040 8576
182.284 0.183701 8576 8040
182.285 0.00141907 8040 7683
182.286 0.000473022 7683 7504
182.286 0.000473022 7504 7326
182.287 0.000473022 7326 6432
182.35 0.062973 6432 5896
182.472 0.12265 5896 6432
182.537 0.0648499 6432 5896
182.66 0.122635 5896 6432
182.838 0.178497 6432 6968
182.847 0.00898743 6968 6432
182.848 0.000473022 6432 5896
182.906 0.0582581 5896 5360
182.909 0.00331116 5360 5896
183.03 0.120743 5896 5360
183.152 0.121704 5360 5896
183.271 0.119354 5896 5360
183.278 0.00708008 5360 4824
183.333 0.0544891 4824 5360
183.337 0.00424194 5360 4824
183.34 0.00282288 4824 5360
183.46 0.12027 5360 5896
183.518 0.0578156 5896 6432
183.579 0.061554 6432 6968
183.584 0.00468445 6968 6432
183.585 0.000961304 6432 6075
183.585 0.000473022 6075 5360
183.708 0.122147 5360 5896
183.769 0.0610657 5896 6432
183.83 0.061554 6432 6968
183.95 0.119827 6968 7504
184.078 0.12825 7504 6968
184.079 0.000473022 6968 6600
184.079 0.000473022 6600 6416
184.08 0.000473022 6416 5628
184.08 0.000473022 5628 5360
184.14 0.0596619 5360 5628
184.201 0.0615387 5628 5896
184.26 0.0583038 5896 6432
184.266 0.00657654 6432 5896
184.267 0.000457764 5896 5628
184.267 0.000473022 5628 5360
184.325 0.0582886 5360 4824
184.329 0.00328064 4824 5628
184.33 0.00143433 5628 5360
184.387 0.0568237 5360 5628
184.449 0.061554 5628 5896
184.511 0.062027 5896 5360
184.516 0.00520325 5360 4824
184.572 0.056366 4824 5360
184.7 0.128281 5360 5896
184.759 0.0582581 5896 6432
184.82 0.061554 6432 6968
184.944 0.124054 6968 6432
184.945 0.000473022 6432 6075
184.945 0.000473022 6075 5360
185.005 0.0601654 5360 4824
185.009 0.0037384 4824 5360
185.072 0.0625153 5360 4824
185.129 0.0569 4824 4288
185.133 0.00465393 4288 4824
185.248 0.115219 4824 4288
185.251 0.00279236 4288 3752
185.31 0.0587769 3752 4288
185.374 0.0643158 4288 4824
185.434 0.0592499 4824 5360
185.495 0.0615387 5360 5896
185.566 0.0704346 5896 5360
185.566 0.000473022 5360 4969
185.567 0.000473022 4969 4422
185.567 0.000473022 4422 4288
185.622 0.0545502 4288 3752
185.627 0.00559998 3752 4422
185.68 0.0531464 4422 4288
185.683 0.00279236 4288 4422
185.745 0.061554 4422 4824
185.805 0.0601807 4824 5360
185.936 0.13147 5360 5896
185.993 0.0564117 5896 6432
186.054 0.061554 6432 6968
186.114 0.0601959 6968 6432
186.115 0.000473022 6432 6057
186.116 0.00088501 6057 5870
186.116 0.000473022 5870 5226
186.117 0.000473022 5226 4824
186.176 0.0597229 4824 5226
186.238 0.0610962 5226 5360
186.307 0.0694275 5360 5896
186.363 0.0560303 5896 5360
186.364 0.000869751 5360 5226
186.364 0.000473022 5226 4824
186.425 0.0602112 4824 5226
186.486 0.0610962 5226 5360
186.547 0.0615387 5360 5896
186.67 0.122604 5896 6432
186.794 0.124054 6432 5896
186.794 0.000473022 5896 5571
186.795 0.000473022 5571 5226
186.795 0.000473022 5226 4824
186.856 0.0605927 4824 5226
186.917 0.0611115 5226 4288
186.979 0.061554 4288 4690
187.11 0.131897 4690 4751
187.172 0.0610809 4751 4824
187.227 0.0555725 4824 5360
187.289 0.061554 5360 5896
187.296 0.00740051 5896 5360
187.297 0.000473022 5360 5010
187.349 0.0527496 5010 4690
187.35 0.000473022 4690 4288
187.412 0.0620117 4288 4690
187.473 0.0615387 4690 4824
187.597 0.123596 4824 4288
187.721 0.124496 4288 4824
187.727 0.00601196 4824 4883
187.789 0.0615387 4883 5360
187.91 0.120865 5360 5896
187.971 0.0610809 5896 6432
188.033 0.0625 6432 5896
188.034 0.000473022 5896 5514
188.034 0.000473022 5514 4824
188.095 0.0601654 4824 4288
188.095 0.000457764 4288 4824
188.217 0.122177 4824 5360
188.279 0.061554 5360 5896
188.283 0.00408936 5896 5360
188.283 0.000473022 5360 4824
188.835 0.55127 4824 4288
188.897 0.0620422 4288 3752
188.958 0.0615845 3752 4288
189.018 0.0601501 4288 3752
189.083 0.0642242 3752 3216
189.266 0.183899 3216 3305
189.326 0.0595856 3305 3391
189.33 0.00363159 3391 3475
189.39 0.0608215 3475 3557
189.45 0.0595856 3557 3637
189.454 0.00363159 3637 3715
189.514 0.0608215 3715 3792
189.574 0.0595703 3792 3867
189.636 0.061554 3867 4288
189.762 0.12648 4288 3752
189.763 0.000473022 3752 3216
189.945 0.182693 3216 3305
190.006 0.0610657 3305 3391
190.009 0.00291443 3391 3475
190.069 0.0600586 3475 3557
190.13 0.0610504 3557 3637
190.133 0.00292969 3637 3715
190.193 0.0600586 3715 3792
190.254 0.0610504 3792 3867
190.316 0.0615387 3867 4288
190.378 0.0615692 4288 3752
190.378 0.000473022 3752 3216
190.501 0.12262 3216 3752
190.563 0.0620422 3752 3216
190.565 0.00250244 3216 2680
190.624 0.0590515 2680 3216
190.688 0.0640411 3216 3752
190.749 0.0609589 3752 3828
190.811 0.061554 3828 4288
190.871 0.0601501 4288 3752
190.871 0.000473022 3752 3216
190.994 0.122635 3216 2680
191.12 0.125916 2680 2787
191.181 0.061554 2787 2890
191.243 0.0615387 2890 2989
191.305 0.061554 2989 3085
191.366 0.0615387 3085 3178
191.429 0.0625 3178 3268
191.49 0.0615387 3268 3355
191.492 0.00189209 3355 3440
191.614 0.121689 3440 2680
191.678 0.0639191 2680 2787
191.739 0.061554 2787 2890
191.801 0.0620422 2890 2680
191.862 0.0606079 2680 2354
191.862 0.000473022 2354 2144
191.863 0.000457764 2144 2354
191.864 0.000961304 2354 2144
191.924 0.0606232 2144 1608
192.047 0.122635 1608 2354
192.047 0 2354 2476
192.11 0.0629883 2476 1608
192.172 0.0615387 1608 1940
192.232 0.0606384 1940 1608
192.294 0.0615692 1608 1072
192.355 0.0615387 1072 1940
192.417 0.061554 1940 2088
192.478 0.0615387 2088 2225
192.54 0.061554 2225 2354
192.541 0.000946045 2354 2476
192.602 0.0610657 2476 2592
192.603 0.000946045 2592 2702
192.664 0.0610809 2702 2808
192.725 0.0615387 2808 2910
192.787 0.0615387 2910 3008
192.849 0.061554 3008 3103
192.91 0.0615387 3103 3195
192.972 0.061554 3195 3284
193.033 0.0615387 3284 3371
193.035 0.00189209 3371 3456
193.096 0.0610809 3456 3539
193.157 0.0610657 3539 3620
193.159 0.00189209 3620 3699
193.22 0.0610657 3699 3776
193.281 0.0610809 3776 3852
193.343 0.0615387 3852 4288
193.529 0.186523 4288 4355
193.531 0.00189209 4355 4420
193.593 0.0620117 4420 4824
193.654 0.0610809 4824 5360
193.717 0.0624847 5360 5896
193.84 0.123566 5896 6432
194.029 0.188904 6432 5896
194.03 0.000473022 5896 5514
194.03 0.000473022 5514 4824
194.152 0.122162 4824 5360
194.276 0.123108 5360 4824
194.399 0.123093 4824 5360
194.46 0.061554 5360 5896
194.526 0.0657959 5896 6432
194.646 0.119797 6432 5896
194.646 0.000473022 5896 5514
194.647 0.000473022 5514 4824
194.768 0.121704 4824 5360
194.773 0.00471497 5360 4824
194.896 0.123108 4824 5360
195.019 0.12262 5360 5896
195.079 0.0605774 5896 6432
195.14 0.0601807 6432 5896
195.141 0.00138855 5896 5514
195.141 0.000473022 5514 4824
195.266 0.124542 4824 4288
195.389 0.123108 4288 4824
195.448 0.0592041 4824 5360
195.51 0.061554 5360 5896
195.578 0.0676575 5896 6432
195.637 0.0596771 6432 5896
195.638 0.000473022 5896 5514
195.638 0.000473022 5514 4824
195.822 0.183701 4824 5360
195.949 0.126862 5360 5896
196.01 0.0610657 5896 6432
196.071 0.061554 6432 6968
196.193 0.122147 6968 7504
196.375 0.181351 7504 8040
196.384 0.00894165 8040 8576
196.444 0.0606232 8576 8182
196.445 0.000473022 8182 7984
196.445 0.000473022 7984 7787
196.446 0.000473022 7787 7589
196.446 0.000473022 7589 7392
196.447 0.000473022 7392 6432
196.502 0.0549622 6432 5896
196.505 0.0032959 5896 6432
196.625 0.119812 6432 6968
196.632 0.00708008 6968 6432
196.755 0.123108 6432 6968
196.816 0.0610657 6968 7504
196.878 0.061554 7504 8040
196.938 0.0605774 8040 8576
197 0.061554 8576 9112
197.126 0.125961 9112 8576
197.127 0.000961304 8576 8224
197.127 0.000473022 8224 8048
197.128 0.000473022 8048 7335
197.128 0.000473022 7335 6834
197.178 0.0497589 6834 6432
197.239 0.0615692 6432 6834
197.24 0.000473022 6834 6432
197.491 0.25145 6432 5896
197.553 0.061554 5896 6432
