Waf: Entering directory `/home/anon/tarball/ns-allinone-3.35/ns-3.35/build'
Waf: Leaving directory `/home/anon/tarball/ns-allinone-3.35/ns-3.35/build'
Build commands will be stored in build/compile_commands.json
'build' finished successfully (0.556s)
0.0602784 0.0602784 0 5360
0.121867 0.0615888 5360 5896
0.122811 0.000943996 5896 6432
0.123755 0.000944003 6432 6968
0.124699 0.000943996 6968 7504
0.125643 0.000943996 7504 8040
0.184376 0.0587328 8040 7504
0.307486 0.12311 7504 8040
0.370467 0.0629808 8040 7504
0.493578 0.12311 7504 8040
0.616197 0.122619 8040 8576
0.74448 0.128283 8576 9112
0.806478 0.0619984 9112 9648
0.868024 0.0615456 9648 10184
0.924869 0.0568448 10184 9648
0.925341 0.00047195 9648 9304
0.926304 0.000963211 9304 9132
0.926776 0.000472009 9132 8959
0.927248 0.000472009 8959 7638
0.928211 0.000963211 7638 7504
0.929155 0.000943959 7504 6968
0.986925 0.0577697 6968 7638
0.987888 0.000963151 7638 7504
0.989776 0.00188804 7504 7638
0.990248 0.000472009 7638 7504
0.990701 0.000452757 7504 7638
1.04945 0.058752 7638 6968
1.0537 0.00424802 6968 6432
1.11149 0.0577888 6432 6968
1.11149 0 6968 7102
1.11291 0.00141597 7102 6968
1.11619 0.00328481 6968 7102
1.17447 0.05828 7102 6432
1.23604 0.0615648 6432 6566
1.237 0.000963211 6566 6432
1.23792 0.000924706 6432 5896
1.42403 0.18611 5896 5360
1.48562 0.061584 5360 5896
1.48609 0.00047195 5896 5360
1.54765 0.0615648 5360 5896
2.23604 0.688381 5896 536
4.55913 2.32309 536 1072
4.62114 0.0620174 1072 1340
5.62114 1 1340 536
5.94424 0.323092 536 1072
6.00625 0.0620174 1072 1340
6.06827 0.0620174 1340 1554
6.13029 0.0620179 1554 1738
6.19231 0.0620174 1738 1903
6.25385 0.0615458 1903 2053
6.3154 0.0615454 2053 2192
6.37694 0.0615458 2192 2323
6.37789 0.000943661 2323 2446
6.43896 0.0610738 2446 2563
6.4399 0.000944138 2563 2675
6.50098 0.0610733 2675 2782
6.50192 0.000944138 2782 2885
6.56394 0.0620174 2885 2984
6.62548 0.0615458 2984 3080
6.68703 0.0615454 3080 3173
6.74858 0.0615458 3173 3263
6.81012 0.0615454 3263 3351
6.8712 0.0610738 3351 3436
6.93276 0.0615644 3436 2680
6.93323 0.000472069 2680 2144
6.9342 0.000963211 2144 1608
6.93467 0.000472069 1608 1072
7.05585 0.121184 1072 1340
7.11787 0.0620179 1340 1554
7.17989 0.0620174 1554 1738
7.2419 0.0620174 1738 1903
7.30345 0.0615458 1903 2053
7.365 0.0615454 2053 2192
7.42654 0.0615458 2192 2323
7.42748 0.000944138 2323 2446
7.48856 0.0610733 2446 2563
7.4895 0.000944138 2563 2675
7.55058 0.0610738 2675 2782
7.61308 0.0625086 2782 2144
7.67371 0.0606208 2144 1608
7.67418 0.000472069 1608 1072
8.55058 0.876399 1072 536
8.61212 0.0615454 536 1072
8.61212 0 1072 1340
8.67414 0.0620174 1340 1554
8.93568 0.261546 1554 1738
9.05881 0.123129 1738 1072
9.32083 0.262018 1072 1340
9.50553 0.184694 1340 536
9.56707 0.0615454 536 1072
9.56707 0 1072 1340
9.62909 0.0620174 1340 1554
9.69111 0.0620174 1554 1738
9.75312 0.0620184 1738 1903
9.81467 0.0615454 1903 2053
9.87622 0.0615454 2053 2192
9.93776 0.0615454 2192 2323
9.93871 0.000944138 2323 2446
9.99978 0.0610733 2446 2563
10.0007 0.000944138 2563 2675
10.0618 0.0610743 2675 2782
10.0627 0.000943184 2782 2885
10.1248 0.0620184 2885 2984
10.1863 0.0615454 2984 3080
10.2478 0.0615454 3080 3173
10.3094 0.0615454 3173 3263
10.4316 0.122167 3263 2680
10.432 0.000472069 2680 2144
10.433 0.000963211 2144 1608
10.4335 0.000472069 1608 1072
10.5547 0.121184 1072 1340
10.6167 0.0620174 1340 1554
10.6787 0.0620174 1554 1738
10.7407 0.0620174 1738 1903
10.8023 0.0615454 1903 2053
10.9263 0.124074 2053 1072
11.0494 0.123111 1072 1340
11.1115 0.0620174 1340 1554
11.1735 0.0620174 1554 1738
11.436 0.262489 1738 1903
11.498 0.0620174 1903 2053
11.6211 0.12313 2053 1072
11.7442 0.123092 1072 1340
11.8062 0.0620174 1340 1554
11.8682 0.0620174 1554 1738
11.9303 0.0620174 1738 1903
11.9918 0.0615454 1903 2053
12.0533 0.0615463 2053 2192
12.1158 0.0624895 2192 2323
12.1788 0.0629616 2323 2446
12.2408 0.0620174 2446 2563
12.2418 0.000944138 2563 2675
12.3028 0.0610733 2675 2782
12.3038 0.000944138 2782 2885
12.3658 0.0620174 2885 2984
12.4273 0.0615454 2984 3080
12.4889 0.0615463 3080 3173
12.5504 0.0615454 3173 3263
12.612 0.0615644 3263 2680
12.6125 0.000472069 2680 2144
12.6129 0.000472069 2144 1608
12.6726 0.0596771 1608 1072
12.7351 0.0624895 1072 1340
12.7971 0.0620174 1340 1554
12.8591 0.0620174 1554 1738
12.9212 0.0620174 1738 1903
12.9827 0.0615454 1903 2053
13.0442 0.0615463 2053 2192
13.1058 0.0615454 2192 2323
13.1067 0.000944138 2323 2446
13.1678 0.0610733 2446 2563
13.1688 0.000944138 2563 2675
13.2298 0.0610733 2675 2782
13.2308 0.000944138 2782 2885
13.2928 0.0620174 2885 2984
13.4159 0.12313 2984 1608
13.4164 0.000472069 1608 1072
13.54 0.123563 1072 1340
13.602 0.0620184 1340 1554
13.664 0.0620174 1554 1738
13.726 0.0620174 1738 1903
13.7876 0.0615454 1903 2053
13.8491 0.0615454 2053 2192
13.9106 0.0615463 2192 2323
13.9116 0.000943184 2323 2446
13.9727 0.0610743 2446 2563
13.9736 0.000944138 2563 2675
14.0347 0.0610733 2675 2782
14.0356 0.000944138 2782 2885
14.0977 0.0620365 2885 2144
14.0981 0.000472069 2144 1608
14.1583 0.0601492 1608 1072
14.2208 0.0624895 1072 1340
14.2828 0.0620174 1340 1554
14.3448 0.0620174 1554 1738
14.4068 0.0620174 1738 1903
14.4684 0.0615454 1903 2053
14.5299 0.0615463 2053 2192
14.5915 0.0615454 2192 2323
14.5924 0.000944138 2323 2446
14.6535 0.0610733 2446 2563
14.6544 0.000944138 2563 2675
14.7155 0.0610733 2675 2782
14.7164 0.000944138 2782 2885
14.7785 0.0620174 2885 2984
14.84 0.0615463 2984 3080
14.9015 0.0615454 3080 3173
15.0237 0.122167 3173 2144
15.0242 0.000471115 2144 1608
15.0247 0.000492096 1608 1072
15.1468 0.122128 1072 1340
15.2088 0.0620174 1340 1554
15.2708 0.0620174 1554 1738
15.3329 0.0620174 1738 1903
15.3944 0.0615463 1903 2053
15.4559 0.0615454 2053 2192
15.5175 0.0615454 2192 2323
15.5184 0.000944138 2323 2446
15.5795 0.0610733 2446 2563
15.5805 0.000944138 2563 2675
15.6415 0.0610743 2675 2782
15.6425 0.000943184 2782 2885
15.7045 0.0620184 2885 2984
15.7661 0.0615644 2984 2144
15.7665 0.000472069 2144 1608
15.8267 0.0601482 1608 1072
15.8892 0.0624905 1072 1340
15.9512 0.0620174 1340 1554
16.0132 0.0620165 1554 1738
16.0752 0.0620193 1738 1903
16.1368 0.0615444 1903 2053
16.1983 0.0615463 2053 2192
16.2599 0.0615444 2192 2323
16.2608 0.000944138 2323 2446
16.3219 0.0610733 2446 2563
16.445 0.123131 2563 1608
16.4455 0.000471115 1608 1072
16.5681 0.12262 1072 1340
16.6301 0.0620174 1340 1554
16.6921 0.0620174 1554 1738
16.7541 0.0620174 1738 1903
16.8157 0.0615463 1903 2053
16.8772 0.0615463 2053 2192
16.9388 0.0615444 2192 2323
17.0008 0.0620174 2323 2446
17.0628 0.0620174 2446 2563
17.0638 0.000944138 2563 2675
17.1248 0.0610733 2675 2782
17.1258 0.000944138 2782 2885
17.1878 0.0620174 2885 2984
17.2493 0.0615463 2984 3080
17.3109 0.0615463 3080 3173
17.3724 0.0615444 3173 3263
17.434 0.0615463 3263 3351
17.4359 0.00188828 3351 3436
17.4969 0.0610733 3436 3519
17.558 0.0610733 3519 3600
17.5599 0.00188828 3600 3679
17.621 0.0610733 3679 3757
17.6821 0.0610733 3757 3833
17.684 0.00190735 3833 3216
17.6844 0.000473022 3216 2680
17.7436 0.059185 2680 2144
17.7441 0.000471115 2144 1608
17.7446 0.000492096 1608 1072
17.8071 0.0624886 1072 1340
17.8691 0.0620193 1340 1554
17.9311 0.0620174 1554 1738
17.9931 0.0620174 1738 1903
18.0547 0.0615444 1903 2053
18.1162 0.0615463 2053 2192
18.1778 0.0615463 2192 2323
18.1787 0.000944138 2323 2446
18.2398 0.0610733 2446 2563
18.2407 0.000944138 2563 2675
18.3018 0.0610733 2675 2782
18.3027 0.000944138 2782 2885
18.3652 0.0625076 2885 2144
18.4259 0.0606213 2144 1608
18.4263 0.000473022 1608 1072
18.4888 0.0624886 1072 1340
18.5508 0.0620174 1340 1554
18.6129 0.0620174 1554 1738
18.6749 0.0620174 1738 1903
18.7364 0.0615463 1903 2053
18.798 0.0615463 2053 2192
18.8595 0.0615444 2192 2323
18.8605 0.000944138 2323 2446
18.9215 0.0610733 2446 2563
18.9225 0.000944138 2563 2675
18.9836 0.0610733 2675 2782
18.9845 0.000944138 2782 2885
19.0465 0.0620174 2885 2984
19.1081 0.0615463 2984 3080
19.1696 0.0615463 3080 3173
19.2312 0.0615444 3173 3263
19.2927 0.0615463 3263 3351
19.3547 0.0620174 3351 3436
19.3557 0.000944138 3436 3519
19.4177 0.0620174 3519 3600
19.4788 0.0610733 3600 3679
19.4806 0.00188828 3679 3757
19.5417 0.0610733 3757 3833
19.6033 0.0615463 3833 4288
19.7278 0.124525 4288 3752
19.7283 0.000473022 3752 3216
19.912 0.183712 3216 3305
19.973 0.0610542 3305 3391
19.9749 0.00190735 3391 3475
20.0966 0.121675 3475 2680
20.1582 0.0615635 2680 2939
20.1586 0.000473022 2939 2144
20.2202 0.0615463 2144 2939
20.2818 0.0615635 2939 3036
20.3433 0.0615463 3036 3130
20.4048 0.0615444 3130 3221
20.4664 0.0615463 3221 3310
20.4688 0.00239944 3310 3396
20.5294 0.0605812 3396 2680
20.5909 0.0615463 2680 2860
20.6525 0.0615444 2860 2960
20.714 0.0615463 2960 3057
20.7756 0.0615463 3057 3150
20.8386 0.0630188 3150 2144
20.9001 0.0615444 2144 2614
20.9617 0.0615463 2614 2723
21.0222 0.0605831 2723 2828
21.0838 0.0615444 2828 2929
21.1453 0.0615463 2929 3027
21.2069 0.0615463 3027 3121
21.2684 0.0615444 3121 3213
21.33 0.0615463 3213 3302
21.393 0.0629997 3302 2680
21.3934 0.000471115 2680 2614
21.4536 0.0601311 2614 2144
21.455 0.00139618 2144 2614
21.5786 0.123621 2614 1608
21.6401 0.0615444 1608 2078
21.8253 0.185167 2078 2216
21.8868 0.0615463 2216 2345
21.8878 0.000944138 2345 2467
21.9489 0.0610733 2467 2583
21.9498 0.000944138 2583 2694
22.0109 0.0610733 2694 2800
22.0724 0.0615444 2800 2902
22.134 0.0615463 2902 3000
22.1955 0.0615463 3000 3095
22.2571 0.0615444 3095 3187
22.3186 0.0615654 3187 2144
22.3191 0.000471115 2144 2078
22.3196 0.000492096 2078 1608
22.3802 0.0605831 1608 2078
22.3816 0.00143433 2078 2216
22.4432 0.0615463 2216 2345
22.4441 0.000944138 2345 2467
22.5052 0.0610733 2467 2583
22.6283 0.123129 2583 2144
22.6288 0.000473022 2144 2047
22.6899 0.0610733 2047 2187
22.7514 0.0615444 2187 2318
22.7523 0.000944138 2318 2441
22.8134 0.0610733 2441 2558
22.8144 0.000944138 2558 2670
22.8754 0.0610733 2670 2777
22.8764 0.000944138 2777 2880
22.9384 0.0620193 2880 2979
22.9999 0.0615444 2979 3075
23.0615 0.0615463 3075 3168
23.123 0.0615444 3168 3258
23.1846 0.0615463 3258 3346
23.2456 0.0610733 3346 3431
23.2475 0.00188828 3431 3514
23.3086 0.0610733 3514 3595
23.3697 0.0610733 3595 3674
23.4317 0.0620365 3674 2680
23.4322 0.000473022 2680 2144
23.4327 0.000471115 2144 2047
23.4332 0.000492096 2047 1608
23.4933 0.0601101 1608 2047
23.5544 0.0610924 2047 2187
23.6159 0.0615463 2187 2318
23.6168 0.000944138 2318 2441
23.6779 0.0610733 2441 2558
23.6789 0.000944138 2558 2670
23.7399 0.0610733 2670 2777
23.7409 0.000944138 2777 2880
23.8029 0.0620174 2880 2979
23.8644 0.0615463 2979 3075
23.926 0.0615444 3075 3168
23.9875 0.0615463 3168 3258
24.0491 0.0615463 3258 3346
24.1102 0.0610733 3346 3431
24.112 0.00188828 3431 3514
24.1731 0.0610733 3514 3595
24.2342 0.0610733 3595 3674
24.2361 0.00188828 3674 3752
24.2972 0.0610733 3752 3828
24.3587 0.0615463 3828 4288
24.4842 0.12545 4288 4824
24.5452 0.0610733 4824 5360
24.6068 0.0615463 5360 5896
24.7294 0.12262 5896 6432
24.8525 0.12311 6432 5896
24.853 0.000471115 5896 5514
24.8534 0.000473022 5514 4824
25.406 0.552532 4824 4288
25.5366 0.130644 4288 4824
25.5986 0.0620174 4824 5360
25.7184 0.119787 5360 4824
25.7189 0.000471115 4824 4288
25.8374 0.118467 4288 3752
25.8383 0.000944138 3752 3216
25.8989 0.0606213 3216 3752
26.3302 0.431311 3752 3216
26.4623 0.13204 3216 3305
26.5168 0.0544853 3305 3391
26.5774 0.0606194 3391 3475
26.5863 0.00893021 3475 3557
26.6408 0.0545044 3557 2680
26.7024 0.0615444 2680 3021
26.7635 0.0610943 3021 3116
26.8255 0.0620365 3116 2144
26.887 0.0615444 2144 2580
26.9486 0.0615654 2580 2691
26.9575 0.00893021 2691 2797
27.0191 0.0615444 2797 2899
27.0806 0.0615463 2899 2998
27.1422 0.0615463 2998 3093
27.2037 0.0615444 3093 3185
27.2653 0.0615463 3185 3275
27.3268 0.0615463 3275 3362
27.3804 0.0535583 3362 3447
27.4424 0.0620384 3447 2680
27.4504 0.00798416 2680 2580
27.4509 0.000473022 2580 2144
27.504 0.0530872 2144 2580
27.5655 0.0615654 2580 2691
27.5749 0.00940132 2691 2797
27.6365 0.0615463 2797 2899
27.698 0.0615444 2899 2998
27.7596 0.0615463 2998 3093
27.8211 0.0615444 3093 3185
27.8826 0.0615463 3185 3275
27.9442 0.0615463 3275 3362
27.9461 0.00188828 3362 3447
28.0072 0.0610733 3447 3530
28.0682 0.0610733 3530 3611
28.1302 0.0620174 3611 3690
28.1923 0.0620174 3690 3767
28.1941 0.00188828 3767 3843
28.2562 0.0620174 3843 4288
28.3788 0.122639 4288 3752
28.3793 0.000471115 3752 3216
28.5019 0.122639 3216 3752
28.563 0.0610733 3752 3828
28.6245 0.0615463 3828 4288
28.8111 0.186525 4288 4824
28.8731 0.0620365 4824 4355
28.8736 0.000471115 4355 4121
28.874 0.000473022 4121 3618
28.8745 0.000471115 3618 3216
28.9342 0.0596581 3216 3618
28.9957 0.0615654 3618 3697
29.0568 0.0610733 3697 3774
29.0591 0.00234032 3774 3850
29.1207 0.0615654 3850 4288
29.2453 0.124544 4288 3752
29.304 0.0587139 3752 3618
29.3044 0.000473022 3618 2680
29.3068 0.00237846 2680 3618
29.4275 0.120712 3618 3697
29.4313 0.00379562 3697 3774
29.4924 0.0610733 3774 3850
29.554 0.0615463 3850 4288
29.6794 0.12545 4288 4824
29.7405 0.0610733 4824 5360
29.802 0.0615463 5360 5896
29.8626 0.0606213 5896 5360
29.8631 0.000471115 5360 4969
29.8636 0.000473022 4969 4422
29.8641 0.000471115 4422 4288
29.9242 0.0601292 4288 4422
30.0454 0.121204 4422 4486
30.0501 0.00471878 4486 4550
30.1098 0.0596581 4550 4824
30.1704 0.0606022 4824 5360
30.2319 0.0615444 5360 5896
30.2352 0.00332451 5896 5360
30.2357 0.000471115 5360 4969
30.2925 0.0568256 4969 4422
30.293 0.000473022 4422 4288
30.2968 0.00377464 4288 4422
30.3569 0.0601501 4422 4824
30.418 0.0610542 4824 5360
30.4786 0.0606194 5360 4824
30.4791 0.000473022 4824 4422
30.4796 0.000471115 4422 4288
30.5402 0.0606022 4288 4422
30.5435 0.00334167 4422 3752
30.605 0.0615463 3752 3886
30.6661 0.0610733 3886 4288
30.8488 0.18273 4288 4824
30.8526 0.00379562 4824 5360
30.9142 0.0615463 5360 5896
30.9762 0.0619984 5896 6432
31.0377 0.0615444 6432 6968
31.1031 0.0653419 6968 6432
31.1594 0.0563526 6432 6057
31.1599 0.000473022 6057 5870
31.1604 0.000471115 5870 5226
31.1608 0.000471115 5226 4824
31.1651 0.00424957 4824 5226
31.2262 0.0610924 5226 5360
31.3488 0.12262 5360 5896
31.4094 0.0605812 5896 6432
31.4709 0.0615463 6432 6968
31.5935 0.12262 6968 7504
31.7218 0.128283 7504 8040
31.781 0.0592041 8040 7142
31.7815 0.000473022 7142 6961
31.782 0.000471115 6961 6030
31.7825 0.000473022 6030 5896
31.8435 0.0610733 5896 6030
31.9046 0.0610924 6030 6432
32.0287 0.124054 6432 5896
32.1518 0.123112 5896 6432
32.335 0.18322 6432 5896
32.3975 0.0625267 5896 5360
32.4591 0.0615463 5360 5896
32.523 0.0639458 5896 5360
32.524 0.00094223 5360 4824
32.5827 0.0587349 4824 5360
32.5832 0.000469208 5360 4824
32.5855 0.0023613 4824 5360
32.8285 0.242935 5360 5896
32.8331 0.00468445 5896 6432
32.8947 0.0615425 6432 6968
32.9557 0.0610542 6968 7504
33.0173 0.0615654 7504 6968
33.0178 0.000473022 6968 6600
33.0183 0.000473022 6600 6416
33.0192 0.00094223 6416 5628
33.0197 0.000473022 5628 5360
33.0789 0.059185 5360 5628
33.2011 0.122223 5628 5896
33.2621 0.0610542 5896 6432
33.3237 0.0615463 6432 6968
33.4463 0.12262 6968 7504
33.5746 0.128284 7504 8040
33.6357 0.0610733 8040 8576
33.6972 0.0615463 8576 9112
33.8198 0.12262 9112 9648
33.9439 0.124054 9648 9112
33.9443 0.000469208 9112 8764
33.9448 0.000473022 8764 8590
33.9453 0.000473022 8590 8416
33.9467 0.00141525 8416 8241
33.9472 0.000473022 8241 8067
33.9477 0.000469208 8067 7893
33.9481 0.000473022 7893 7236
33.9486 0.000473022 7236 6968
34.0059 0.0572968 6968 7236
34.0675 0.0615654 7236 7504
34.1967 0.129227 7504 6968
34.3193 0.122639 6968 7504
34.4391 0.119789 7504 8040
34.5002 0.0610733 8040 8576
34.5617 0.0615425 8576 9112
34.5669 0.00521469 9112 8576
34.5674 0.000469208 8576 8238
34.6195 0.0520859 8238 8069
34.6205 0.000965118 8069 7899
34.6209 0.000473022 7899 6968
34.6224 0.00143433 6968 6432
34.6276 0.00522995 6432 5896
34.629 0.00139618 5896 6968
34.8085 0.179466 6968 5896
34.87 0.0615807 5896 5360
34.8705 0.000473022 5360 5896
34.871 0.000453949 5896 6432
34.9946 0.123619 6432 5896
34.9955 0.000946045 5896 5360
35.0548 0.0592422 5360 4824
35.0566 0.0018692 4824 5360
35.0566 0 5360 5896
35.1196 0.0629807 5896 5360
35.3043 0.184654 5360 5896
35.3635 0.0592079 5896 6432
35.425 0.0615425 6432 6968
35.4927 0.0676651 6968 7504
35.6153 0.12262 7504 8040
35.6764 0.0610733 8040 8576
35.7379 0.0615425 8576 9112
35.8596 0.121696 9112 9648
35.9813 0.121693 9648 9266
35.9818 0.000473022 9266 9074
35.9823 0.000473022 9074 8883
35.9827 0.000473022 8883 8691
35.9832 0.000469208 8691 8500
35.9837 0.000473022 8500 8308
35.9842 0.000473022 8308 8117
35.9851 0.000923157 8117 7926
35.9856 0.000473022 7926 7236
35.986 0.000473022 7236 6968
35.9889 0.00283051 6968 7236
36.0495 0.0606194 7236 7504
36.111 0.0615463 7504 8040
36.2337 0.122639 8040 7504
36.2341 0.000473022 7504 6968
36.2952 0.0610924 6968 7236
36.4198 0.124527 7236 6432
36.4813 0.0615463 6432 6700
36.4837 0.00237656 6700 5896
36.5457 0.0620193 5896 6164
36.6068 0.0610924 6164 6432
36.6674 0.0606194 6432 5896
36.7839 0.116486 5896 5360
36.8521 0.0681915 5360 4824
36.9743 0.122204 4824 5360
37.0311 0.0567703 5360 4824
37.0931 0.0620346 4824 4288
37.1546 0.0615463 4288 4824
37.2162 0.0615654 4824 5360
37.2778 0.0615463 5360 5896
37.3474 0.0696449 5896 5360
37.4013 0.053936 5360 4824
37.47 0.0687027 4824 5360
37.5316 0.0615463 5360 5896
37.5922 0.0605812 5896 6432
37.6537 0.0615463 6432 6968
37.7763 0.12262 6968 7504
37.9018 0.125469 7504 6968
37.9023 0.000473022 6968 6600
37.9027 0.000473022 6600 6416
37.9032 0.000469208 6416 5628
37.9037 0.000473022 5628 5360
37.9634 0.0596771 5360 5628
37.9657 0.00238037 5628 5360
37.9662 0.000469208 5360 4824
37.9667 0.000473022 4824 4288
38.0278 0.0610924 4288 5628
38.2077 0.179897 5628 5896
38.2153 0.00761032 5896 5360
38.3937 0.178463 5360 5413
38.4018 0.0080986 5413 4824
38.4634 0.0615463 4824 4877
38.525 0.0615845 4877 4288
38.587 0.0620193 4288 4341
38.6477 0.0606575 4341 3752
38.6481 0.000473022 3752 3216
38.7092 0.0611115 3216 3752
38.7097 0.000453949 3752 3805
38.7632 0.053463 3805 2680
38.8247 0.0615654 2680 3216
38.8319 0.00717545 3216 3805
38.9478 0.115932 3805 3216
39.0094 0.0615463 3216 3269
39.0795 0.0701561 3269 3356
39.1406 0.061058 3356 3441
39.195 0.0543671 3441 3524
39.257 0.0620193 3524 3605
39.2646 0.00764847 3605 3684
39.3199 0.0553131 3684 3761
39.381 0.0610733 3761 3837
39.4426 0.0615463 3837 4288
39.568 0.12545 4288 4824
39.6291 0.0610733 4824 4883
39.6916 0.0625076 4883 4824
39.6921 0.000473022 4824 4355
39.6925 0.000473022 4355 4121
39.693 0.000469208 4121 3618
39.7522 0.0592079 3618 3216
39.7536 0.00139618 3216 3618
39.8152 0.0615654 3618 3697
39.8762 0.0610733 3697 3774
39.8786 0.00233841 3774 3850
39.9402 0.0615654 3850 4288
40.0628 0.12262 4288 4824
40.1238 0.0610733 4824 5360
40.1854 0.0615463 5360 5896
40.2498 0.0643959 5896 5360
40.2507 0.000946045 5360 4422
40.2512 0.000469208 4422 4288
40.3118 0.0606041 4288 4422
40.3734 0.0615654 4422 4824
40.4344 0.0610733 4824 5360
40.496 0.0615425 5360 5896
40.5594 0.0634537 5896 5360
40.5604 0.000946045 5360 4969
40.5609 0.000469208 4969 4422
40.5613 0.000473022 4422 4288
40.6215 0.0601311 4288 4422
40.683 0.0615654 4422 4824
40.7441 0.0610733 4824 5360
40.8037 0.059639 5360 4824
40.8042 0.000469208 4824 4422
40.8047 0.000473022 4422 4288
40.8653 0.0606003 4288 4422
40.8682 0.00289154 4422 3752
40.9302 0.0620155 3752 3886
40.9913 0.0610962 3886 4288
41.0533 0.0620346 4288 3752
41.176 0.122658 3752 3216
41.2991 0.123112 3216 3752
41.3028 0.00375748 3752 3828
41.3644 0.0615425 3828 4288
41.487 0.12262 4288 4824
41.5467 0.0596771 4824 5360
41.6082 0.0615463 5360 5896
41.6698 0.0615654 5896 5360
41.6703 0.000473022 5360 4969
41.6707 0.000469208 4969 4422
41.6712 0.000473022 4422 4288
41.7313 0.0601311 4288 4422
41.7929 0.0615425 4422 4824
41.8606 0.0676842 4824 5360
42.0424 0.181805 5360 5896
42.1025 0.0601273 5896 6432
42.1645 0.0620384 6432 5896
42.165 0.000473022 5896 5514
42.166 0.00094223 5514 4824
42.2872 0.121223 4824 5360
42.3572 0.0700607 5360 4824
42.4179 0.0606384 4824 4288
42.4188 0.000926971 4288 4824
42.5964 0.177574 4824 4288
42.7815 0.185127 4288 4824
42.7891 0.00757217 4824 4288
42.9723 0.18322 4288 4824
43.0334 0.0610733 4824 5360
43.0902 0.0568466 5360 4824
43.0907 0.000473022 4824 4288
43.219 0.1283 4288 3752
43.3416 0.122639 3752 4288
43.4032 0.0615654 4288 3752
43.4685 0.0653419 3752 4288
43.5893 0.120731 4288 3752
43.6542 0.064888 3752 3828
44.0234 0.369274 3828 3903
44.0859 0.0624886 3903 3976
44.1475 0.0615463 3976 4048
44.209 0.0615463 4048 4118
44.2114 0.00237656 4118 3216
44.2725 0.0611115 3216 2680
44.2734 0.000926971 2680 3216
44.334 0.0606194 3216 3582
44.4576 0.123585 3582 3662
44.459 0.00139618 3662 3740
44.5206 0.0615654 3740 3816
44.5817 0.0610733 3816 3891
44.5836 0.00190735 3891 3216
44.6451 0.0615425 3216 3355
44.7678 0.122639 3355 3440
44.8288 0.0610542 3440 3523
44.8307 0.00190735 3523 3604
44.8918 0.0610771 3604 3683
44.9528 0.0610542 3683 3761
44.9548 0.00190735 3761 3837
45.0168 0.0619965 3837 4288
45.0793 0.0625076 4288 3752
45.138 0.0587158 3752 3355
45.1384 0.000469208 3355 3216
45.1408 0.0023613 3216 3355
45.2024 0.0615654 3355 3752
45.2634 0.0610733 3752 3828
45.3255 0.0620384 3828 3216
45.3875 0.0619965 3216 3292
45.449 0.0615654 3292 3752
45.5101 0.0610733 3752 3828
45.5717 0.0615463 3828 4288
45.6971 0.12545 4288 4355
45.7591 0.0620193 4355 4420
45.8193 0.0601273 4420 4484
45.823 0.00377655 4484 4824
45.8841 0.0610733 4824 4883
45.9457 0.0615463 4883 5360
46.0044 0.0587311 5360 4824
46.0072 0.00285339 4824 4422
46.0077 0.000473022 4422 4020
46.0082 0.000469208 4020 3216
46.066 0.0577888 3216 4020
46.0702 0.00424957 4020 3216
46.1318 0.0615463 3216 4020
46.1933 0.0615654 4020 4288
46.2549 0.0615425 4288 4355
46.3174 0.0625114 4355 3752
46.3794 0.0620155 3752 3819
46.5011 0.121716 3819 3216
46.5627 0.0615463 3216 3283
46.627 0.0643768 3283 3370
46.6876 0.0606003 3370 3455
46.7482 0.0606003 3455 3538
46.8103 0.0620384 3538 2680
46.8718 0.0615654 2680 3002
46.8728 0.00094223 3002 2144
46.9343 0.0615463 2144 3002
46.9959 0.0615463 3002 3097
47.0574 0.0615463 3097 3189
47.119 0.0615463 3189 3279
47.1805 0.0615425 3279 3366
47.2412 0.0606422 3366 3451
47.2435 0.00231934 3451 3534
47.3046 0.0610733 3534 3615
47.3652 0.0606422 3615 3694
47.3675 0.00231934 3694 3771
47.4286 0.0610771 3771 3847
47.4888 0.0601845 3847 3216
47.4892 0.000473022 3216 3002
47.4902 0.000904083 3002 2680
47.5503 0.0601692 2680 3002
47.5531 0.00281143 3002 3097
47.6147 0.0615463 3097 3189
47.6762 0.0615463 3189 3279
47.7378 0.0615463 3279 3366
47.7988 0.0610542 3366 3451
47.8007 0.00190735 3451 3534
47.8618 0.0610733 3534 3615
47.9229 0.0610542 3615 3694
47.9248 0.00190735 3694 3771
47.9858 0.0610733 3771 3847
48.0474 0.0615463 3847 4288
48.1728 0.12545 4288 4824
48.2339 0.0610733 4824 5360
48.2955 0.0615463 5360 5896
48.3594 0.0639267 5896 5360
48.3599 0.000469208 5360 4969
48.4171 0.0572777 4969 4422
48.4176 0.000473022 4422 4288
48.4209 0.00334167 4288 4422
48.4792 0.0582237 4422 4288
48.4797 0.000492096 4288 3752
48.5421 0.0624886 3752 4422
48.6023 0.0601311 4422 4486
48.6671 0.0648499 4486 4550
48.7287 0.0615616 4550 3752
48.7902 0.0615463 3752 4014
49.0989 0.308693 4014 3216
49.1605 0.0615463 3216 3478
49.2812 0.12077 3478 3560
49.3423 0.0610542 3560 3640
49.4043 0.0620346 3640 2680
49.4659 0.0615463 2680 3104
49.5274 0.0615463 3104 3196
49.589 0.0615463 3196 3285
49.6505 0.0615425 3285 3372
49.6524 0.00188828 3372 3457
49.7135 0.0610771 3457 3540
49.7746 0.0610733 3540 3621
49.8366 0.0620346 3621 2680
49.8981 0.0615463 2680 3085
49.9 0.00190735 3085 3178
50.0222 0.122166 3178 2144
50.0838 0.0615654 2144 2642
50.0848 0.00100327 2642 2144
50.1454 0.0605812 2144 1608
50.1464 0.000999451 1608 1072
50.2079 0.0615463 1072 2642
50.2079 0 2642 2750
50.2699 0.0620193 2750 2854
50.3315 0.0615463 2854 2954
50.3944 0.0629807 2954 2144
50.5167 0.122223 2144 1608
50.5782 0.0615654 1608 2144
51.3324 0.754173 2144 536
51.394 0.0615654 536 1072
51.5171 0.123089 1072 1608
51.5171 0 1608 1786
51.5791 0.0620193 1786 1946
51.6406 0.0615463 1946 2093
51.7638 0.123131 2093 1072
51.8253 0.0615425 1072 1557
51.8869 0.0615463 1557 1741
51.9489 0.0620193 1741 1906
52.0104 0.0615425 1906 2056
52.072 0.0615463 2056 2195
52.1335 0.0615463 2195 2325
52.1345 0.000946045 2325 2448
52.1955 0.0610733 2448 2565
52.1965 0.00094223 2565 2677
52.2575 0.0610733 2677 2784
52.2585 0.000946045 2784 2887
52.3205 0.0620155 2887 2986
52.382 0.0615463 2986 3082
52.4436 0.0615463 3082 3175
52.5051 0.0615463 3175 3265
52.5667 0.0615425 3265 3352
52.6278 0.0610771 3352 3437
52.6898 0.0620346 3437 2680
52.6903 0.000473022 2680 2144
52.6907 0.000473022 2144 1656
52.6912 0.000488281 1656 1557
52.7509 0.0596581 1557 1072
52.7513 0.000453949 1072 1557
52.8129 0.0615654 1557 1741
52.8749 0.0620155 1741 1906
52.9365 0.0615463 1906 2056
52.998 0.0615463 2056 2195
53.0596 0.0615463 2195 2325
53.0605 0.00094223 2325 2448
53.1216 0.0610733 2448 2565
53.1225 0.000946045 2565 2677
53.1836 0.0610733 2677 2784
53.1845 0.00094223 2784 2887
53.2466 0.0620193 2887 2986
53.3081 0.0615463 2986 3082
53.3696 0.0615425 3082 3175
53.4312 0.0615463 3175 3265
53.4927 0.0615463 3265 3352
53.4946 0.00188828 3352 3437
53.5557 0.0610733 3437 3520
53.6168 0.0610733 3520 3601
53.6187 0.00188828 3601 3680
53.6797 0.0610733 3680 3758
53.7418 0.0620193 3758 3834
53.8033 0.0615425 3834 3908
54.9121 1.10877 3908 3981
54.975 0.0629807 3981 3216
54.9755 0.000469208 3216 2931
54.976 0.000473022 2931 2680
55.0371 0.0610733 2680 2931
55.1602 0.12315 2931 2144
55.2218 0.0615463 2144 2395
55.2847 0.0629807 2395 1608
55.3463 0.0615425 1608 1859
55.469 0.122677 1859 1072
55.5305 0.0615463 1072 1323
56.5305 1 1323 536
56.8536 0.323093 536 1072
56.9156 0.0620155 1072 1340
56.9776 0.0620193 1340 1554
57.0397 0.0620155 1554 1738
57.1017 0.0620193 1738 1903
57.1632 0.0615463 1903 2053
57.2248 0.0615425 2053 2192
57.2863 0.0615463 2192 2323
57.2872 0.000946045 2323 2446
57.3483 0.0610733 2446 2563
57.3493 0.00094223 2563 2675
57.4103 0.0610733 2675 2782
57.4113 0.000946045 2782 2885
57.5339 0.122639 2885 2144
57.5344 0.000469208 2144 1608
57.5349 0.000492096 1608 1072
57.5955 0.060585 1072 1340
58.5955 1 1340 536
58.9186 0.32309 536 1072
58.9806 0.0620193 1072 1340
59.0426 0.0620155 1340 1554
59.1046 0.0620193 1554 1738
59.1666 0.0620155 1738 1903
59.2282 0.0615463 1903 2053
59.2897 0.0615463 2053 2192
59.3513 0.0615463 2192 2323
59.3522 0.00094223 2323 2446
59.4753 0.123131 2446 1608
59.4758 0.000469208 1608 1072
59.5984 0.12262 1072 1340
59.6604 0.0620193 1340 1554
59.7225 0.0620155 1554 1738
59.7845 0.0620193 1738 1903
59.846 0.0615463 1903 2053
59.9076 0.0615463 2053 2192
59.9691 0.0615425 2192 2323
59.9701 0.000946045 2323 2446
60.0311 0.0610733 2446 2563
60.0321 0.00094223 2563 2675
60.0932 0.0610733 2675 2782
60.0941 0.000946045 2782 2885
60.1561 0.0620193 2885 2984
60.2177 0.0615425 2984 3080
60.2792 0.0615463 3080 3173
60.3408 0.0615463 3173 3263
60.4028 0.0620384 3263 2144
60.4033 0.000469208 2144 1608
60.4629 0.0596771 1608 1072
61.4643 1.0014 1072 536
61.7874 0.323093 536 1072
61.8494 0.0620155 1072 1340
61.9115 0.0620193 1340 1554
61.9735 0.0620155 1554 1738
62.0355 0.0620193 1738 1903
62.097 0.0615463 1903 2053
62.1586 0.0615463 2053 2192
62.2201 0.0615425 2192 2323
62.2211 0.000946045 2323 2446
62.2822 0.0610733 2446 2563
62.2831 0.00094223 2563 2675
62.3442 0.0610733 2675 2782
62.3451 0.000946045 2782 2885
62.4071 0.0620155 2885 2984
62.4687 0.0615463 2984 3080
62.5302 0.0615463 3080 3173
62.6529 0.122639 3173 2144
62.6538 0.000961304 2144 1608
62.6543 0.000473022 1608 1072
63.7144 1.06011 1072 536
64.0375 0.32309 536 1072
64.0995 0.0620193 1072 1340
64.3611 0.261543 1340 1554
64.5458 0.184692 1554 536
64.6073 0.0615463 536 1072
64.6073 0 1072 1340
64.6693 0.0620193 1340 1554
64.7313 0.0620193 1554 1738
65.7313 1 1738 536
65.7929 0.0615616 536 1072
65.7929 0 1072 1340
65.916 0.123093 1340 1554
65.978 0.0620193 1554 1738
66.04 0.0620193 1738 1903
66.1016 0.0615463 1903 2053
66.1631 0.0615387 2053 2192
66.2247 0.0615463 2192 2323
66.2867 0.0620422 2323 1608
66.2872 0.000488281 1608 1072
66.533 0.245766 1072 536
66.5945 0.0615463 536 1072
66.5945 0 1072 1340
66.6565 0.0620193 1340 1554
66.7185 0.0620193 1554 1738
66.7806 0.0620193 1738 1903
66.8421 0.0615387 1903 2053
66.9037 0.0615463 2053 2192
66.9652 0.0615463 2192 2323
67.0277 0.0625305 2323 1072
67.1508 0.123093 1072 1340
67.2128 0.0620193 1340 1554
67.2749 0.0620117 1554 1738
67.3369 0.0620193 1738 1903
67.3984 0.0615463 1903 2053
67.46 0.0615463 2053 2192
67.5215 0.0615463 2192 2323
67.5224 0.000946045 2323 2446
67.5835 0.0610733 2446 2563
67.5845 0.000938416 2563 2675
67.6455 0.0610733 2675 2782
67.6465 0.000946045 2782 2885
67.7691 0.12262 2885 2984
67.8306 0.0615463 2984 3080
67.8922 0.0615463 3080 3173
67.9537 0.0615463 3173 3263
68.0153 0.0615463 3263 3351
68.0172 0.00188446 3351 3436
68.0782 0.0610733 3436 3519
68.1393 0.0610733 3519 3600
68.2009 0.0615692 3600 2144
68.2014 0.000465393 2144 1608
68.2023 0.000968933 1608 1072
68.3259 0.123558 1072 1340
68.3879 0.0620193 1340 1554
68.4499 0.0620193 1554 1738
68.5119 0.0620193 1738 1903
68.5735 0.0615463 1903 2053
68.635 0.0615387 2053 2192
68.6966 0.0615463 2192 2323
68.6975 0.000946045 2323 2446
68.7586 0.0610733 2446 2563
68.7595 0.000946045 2563 2675
68.8206 0.0610733 2675 2782
68.8216 0.000946045 2782 2885
68.8836 0.0620117 2885 2984
68.9451 0.0615463 2984 3080
69.0067 0.0615463 3080 3173
69.0682 0.0615463 3173 3263
69.1298 0.0615463 3263 3351
69.1908 0.0610733 3351 3436
69.1927 0.00189209 3436 3519
69.2538 0.0610733 3519 3600
69.3163 0.0625076 3600 2680
69.3168 0.000473022 2680 2144
69.3774 0.0606384 2144 1608
69.3779 0.000473022 1608 1072
69.4399 0.0620117 1072 536
69.5014 0.0615463 536 1072
69.5014 0 1072 1340
69.5635 0.0620193 1340 1554
69.6255 0.0620193 1554 1738
69.6875 0.0620193 1738 1903
69.749 0.0615463 1903 2053
69.8106 0.0615387 2053 2192
69.8721 0.0615463 2192 2323
69.8731 0.000946045 2323 2446
69.9342 0.0610733 2446 2563
69.9351 0.000946045 2563 2675
69.9962 0.0610733 2675 2782
69.9971 0.000946045 2782 2885
70.1202 0.123108 2885 2144
70.1212 0.000961304 2144 1608
70.1813 0.0601501 1608 1072
70.3049 0.123581 1072 536
70.3665 0.0615463 536 1072
70.3665 0 1072 1340
70.4285 0.0620193 1340 1554
70.4905 0.0620193 1554 1738
70.5525 0.0620117 1738 1903
70.6141 0.0615463 1903 2053
70.6756 0.0615463 2053 2192
70.7372 0.0615463 2192 2323
70.7381 0.000946045 2323 2446
70.7992 0.0610733 2446 2563
70.8001 0.000946045 2563 2675
70.8612 0.0610733 2675 2782
70.9232 0.0620193 2782 2885
70.9848 0.0615387 2885 2984
71.0463 0.0615463 2984 3080
71.1078 0.0615463 3080 3173
71.1694 0.0615463 3173 3263
71.2309 0.0615463 3263 3351
71.2328 0.00188446 3351 3436
71.2939 0.0610809 3436 3519
71.355 0.0610733 3519 3600
71.3569 0.00188446 3600 3679
71.4179 0.0610733 3679 3757
71.479 0.0610733 3757 3833
71.5415 0.0624924 3833 4288
71.603 0.0615463 4288 4355
71.6669 0.0639038 4355 4420
71.729 0.0620193 4420 4824
71.791 0.0620346 4824 4288
71.7915 0.000473022 4288 3874
71.7919 0.000473022 3874 3618
71.7924 0.000473022 3618 3216
71.8525 0.0601273 3216 3618
71.9747 0.122185 3618 2680
72.0367 0.0619965 2680 3082
72.0978 0.0610962 3082 3175
72.1594 0.0615463 3175 3265
72.2209 0.0615463 3265 3352
72.282 0.0610733 3352 3437
72.2839 0.00188446 3437 3520
72.3449 0.0610733 3520 3601
72.406 0.0610733 3601 3680
72.407 0.000946045 3680 3758
72.469 0.0620193 3758 3834
72.5305 0.0615463 3834 4288
72.5916 0.0610886 4288 3752
72.5921 0.000473022 3752 3216
72.7147 0.122635 3216 3752
72.7176 0.00283813 3752 3828
72.7791 0.0615463 3828 4288
72.9027 0.123581 4288 3752
72.9032 0.000473022 3752 3216
73.0258 0.122635 3216 3752
73.0869 0.061058 3752 3828
73.1489 0.0620499 3828 2680
73.2105 0.0615692 2680 3216
73.273 0.0624847 3216 3752
73.334 0.0610809 3752 3828
73.3956 0.0615387 3828 4288
73.521 0.125458 4288 4824
73.5817 0.0606155 4824 4288
73.5821 0.000473022 4288 3874
73.5826 0.000473022 3874 3618
73.5831 0.000473022 3618 3216
73.6437 0.0606003 3216 3618
73.7043 0.0606232 3618 3697
73.7071 0.00280762 3697 3774
73.7677 0.0606079 3774 3850
73.8307 0.0629807 3850 3216
73.8922 0.0615387 3216 3314
74.0144 0.122169 3314 3400
74.075 0.0606003 3400 3484
74.0778 0.00281525 3484 3566
74.1384 0.0606232 3566 3646
74.1398 0.00139618 3646 3724
74.2014 0.0615616 3724 3801
74.2634 0.0620193 3801 3876
74.325 0.0615463 3876 3950
74.3865 0.0615463 3950 4288
74.4495 0.0629807 4288 3752
74.4505 0.000961304 3752 3314
74.4509 0.000473022 3314 3216
74.5101 0.0592041 3216 2680
74.5115 0.00139618 2680 3314
74.5125 0.000961304 3314 3216
74.5717 0.0591888 3216 3314
74.636 0.0643539 3314 3400
74.6971 0.0610962 3400 2680
74.7596 0.0624924 2680 2864
74.8198 0.0601425 2864 2964
74.8813 0.0615463 2964 3060
74.9429 0.0615463 3060 3153
75.0044 0.0615463 3153 3244
75.0659 0.0615463 3244 3332
75.0683 0.00234222 3332 3418
75.1289 0.0606232 3418 3502
75.19 0.0610733 3502 3584
75.1923 0.00235748 3584 2680
75.2539 0.0615463 2680 2864
75.3756 0.121712 2864 2144
75.4371 0.0615463 2144 2328
75.4987 0.0615463 2328 2451
75.5001 0.00143433 2451 2568
75.5607 0.060585 2568 2679
75.5621 0.00143433 2679 2786
75.6227 0.0605774 2786 2889
75.6843 0.0615463 2889 2988
75.7458 0.0615463 2988 3084
75.8074 0.0615463 3084 3177
75.8689 0.0615463 3177 3267
75.9305 0.0615463 3267 3354
75.9323 0.00188446 3354 3439
75.9934 0.0610733 3439 3522
76.0545 0.0610733 3522 3603
76.0564 0.00189209 3603 3682
76.1184 0.0620193 3682 3760
76.1785 0.0601273 3760 3836
76.2401 0.0615463 3836 4288
76.3016 0.0615616 4288 3752
76.3021 0.000473022 3752 3216
76.4247 0.12262 3216 3752
76.4285 0.00377655 3752 3828
76.4901 0.0615463 3828 4288
76.5526 0.0625076 4288 3752
76.6099 0.0572968 3752 3216
76.6137 0.0038147 3216 2680
76.6141 0.000457764 2680 3216
76.7974 0.183235 3216 3305
76.8002 0.00283051 3305 3391
76.8608 0.0606079 3391 3475
76.9214 0.0606003 3475 3557
76.9242 0.00283051 3557 3637
76.9862 0.0620193 3637 3715
77.0454 0.0591812 3715 3792
77.0492 0.00377655 3792 3867
77.1108 0.0615463 3867 4288
77.1728 0.0620346 4288 3752
77.1733 0.000473022 3752 3216
77.2964 0.123116 3216 3752
77.3574 0.0610733 3752 3828
77.419 0.0615463 3828 4288
77.5397 0.120712 4288 4355
77.5435 0.00379181 4355 4420
77.6046 0.0610733 4420 4824
77.6647 0.060112 4824 5360
77.7262 0.0615463 5360 5896
77.7916 0.065361 5896 5360
77.7921 0.000465393 5360 4969
77.7925 0.000473022 4969 4422
77.8489 0.0563354 4422 4288
77.8531 0.00426483 4288 4422
77.9147 0.0615692 4422 4824
77.9753 0.060585 4824 5360
78.0368 0.0615387 5360 5896
78.097 0.0601349 5896 5360
78.0974 0.000473022 5360 4969
78.0984 0.000961304 4969 4422
78.0989 0.000473022 4422 4288
78.159 0.060112 4288 4422
78.2807 0.121712 4422 3752
78.3422 0.0615463 3752 3886
78.4076 0.065361 3886 3216
78.9598 0.552193 3216 2680
79.0214 0.0615616 2680 3216
79.2089 0.187584 3216 2680
79.2705 0.0615845 2680 3216
79.3321 0.0615845 3216 2680
79.3465 0.0143967 2680 536
79.6696 0.32309 536 1072
79.7316 0.0620193 1072 1608
79.7936 0.0620193 1608 2144
79.7936 0 2144 2278
79.8552 0.0615463 2278 2404
79.8561 0.000938416 2404 2523
79.9182 0.0620422 2523 1608
80.656 0.737892 1608 1072
80.7176 0.0615616 1072 1608
80.8561 0.138504 1608 536
81.1792 0.323097 536 1072
81.2412 0.0620117 1072 1340
81.3032 0.0620193 1340 1554
81.3653 0.0620193 1554 1738
81.4273 0.0620193 1738 1903
81.4888 0.0615463 1903 2053
81.5504 0.0615387 2053 2192
81.6119 0.0615463 2192 2323
81.6129 0.000946045 2323 2446
81.6739 0.0610733 2446 2563
81.6749 0.000946045 2563 2675
81.736 0.0610733 2675 2782
81.7369 0.000946045 2782 2885
81.7989 0.0620117 2885 2984
81.8605 0.0615463 2984 3080
81.922 0.0615692 3080 2144
81.9225 0.000473022 2144 1608
81.9826 0.0601425 1608 1072
82.0451 0.0624924 1072 1340
82.1072 0.0620193 1340 1554
82.1692 0.0620193 1554 1738
82.2312 0.0620117 1738 1903
82.2927 0.0615463 1903 2053
82.3543 0.0615463 2053 2192
82.4158 0.0615463 2192 2323
82.4168 0.000946045 2323 2446
82.4778 0.0610733 2446 2563
82.4788 0.000946045 2563 2675
82.5399 0.0610733 2675 2782
82.5408 0.000938416 2782 2885
82.6634 0.12262 2885 2984
82.725 0.0615463 2984 3080
82.788 0.0629807 3080 2144
82.8486 0.0606232 2144 1608
82.849 0.000473022 1608 1072
82.9115 0.0624847 1072 1340
82.9736 0.0620193 1340 1554
83.0356 0.0620193 1554 1738
83.0976 0.0620193 1738 1903
83.1591 0.0615463 1903 2053
83.2207 0.0615463 2053 2192
83.2822 0.0615387 2192 2323
83.2832 0.000946045 2323 2446
83.3442 0.0610733 2446 2563
83.3452 0.000946045 2563 2675
83.4063 0.0610733 2675 2782
83.4072 0.000946045 2782 2885
83.4692 0.0620117 2885 2984
83.5308 0.0615463 2984 3080
83.5923 0.0615463 3080 3173
83.6539 0.0615463 3173 3263
83.7154 0.0615463 3263 3351
83.7765 0.0610733 3351 3436
83.7784 0.00189209 3436 3519
83.8394 0.0610733 3519 3600
83.9005 0.0610733 3600 3679
83.9024 0.00188446 3679 3757
83.9635 0.0610733 3757 3833
84.025 0.0615463 3833 4288
84.1476 0.12262 4288 4355
84.2125 0.0648499 4355 4420
84.2745 0.0620346 4420 3752
84.3332 0.0587158 3752 3266
84.3337 0.000473022 3266 3216
84.3361 0.00235748 3216 3266
84.3976 0.0615692 3266 3752
84.4587 0.0610733 3752 3828
84.5203 0.0615463 3828 4288
84.6457 0.12545 4288 4824
84.7068 0.0610733 4824 5360
84.7683 0.0615463 5360 5896
84.8909 0.12262 5896 6432
84.9535 0.0625076 6432 5896
84.9544 0.000961304 5896 5514
84.9549 0.000473022 5514 4824
84.9554 0.000473022 4824 4288
85.0169 0.0615463 4288 4824
85.4492 0.432251 4824 4288
85.6977 0.248543 4288 4824
85.7583 0.0606003 4824 5360
85.8198 0.0615463 5360 5896
85.9396 0.119789 5896 6432
86.0693 0.1297 6432 6968
86.1304 0.0610733 6968 7504
86.192 0.0615463 7504 8040
86.3146 0.12262 8040 8576
86.4978 0.183197 8576 9112
86.5588 0.0610733 9112 9648
86.6204 0.0615463 9648 10184
86.6232 0.00285339 10184 9648
86.6242 0.000961304 9648 9304
86.6247 0.000473022 9304 9132
86.6252 0.000473022 9132 8959
86.6256 0.000473022 8959 8787
86.6261 0.000473022 8787 8615
86.6801 0.0539932 8615 8442
86.6806 0.000473022 8442 7638
86.681 0.000465393 7638 6968
86.6853 0.00423431 6968 7638
86.6862 0.000976562 7638 7504
86.7426 0.0563354 7504 7638
86.8041 0.0615463 7638 8040
86.8723 0.0681763 8040 8576
86.9315 0.0592041 8576 7504
86.9324 0.000946045 7504 6968
86.9931 0.0606384 6968 7504
86.9935 0.000450134 7504 7638
87.0532 0.0596771 7638 6968
87.1124 0.0592041 6968 6432
87.1148 0.00236511 6432 6968
87.174 0.0591812 6968 7102
87.1783 0.00428772 7102 6432
87.2398 0.0615463 6432 6566
87.3014 0.0615616 6566 6968
87.3624 0.061058 6968 7504
87.424 0.0615463 7504 8040
87.4912 0.0672302 8040 7504
87.5466 0.0553894 7504 7205
87.5471 0.000473022 7205 6566
87.5475 0.000488281 6566 6432
87.5523 0.00476074 6432 5896
87.5532 0.000923157 5896 6566
87.6091 0.0558777 6566 6432
87.611 0.00190735 6432 5896
87.6148 0.0038147 5896 6566
87.6717 0.0568314 6566 6432
87.6721 0.000465393 6432 6030
87.6731 0.000930786 6030 5896
87.7322 0.0591812 5896 6030
87.7332 0.000984192 6030 5896
87.7346 0.00139618 5896 5360
87.7962 0.0615463 5360 6030
87.8577 0.0615616 6030 6432
87.9193 0.0615463 6432 6968
88.0414 0.122169 6968 7504
88.1035 0.0620346 7504 6968
88.104 0.000473022 6968 6650
88.1044 0.000473022 6650 6030
88.1049 0.000473022 6030 5896
88.1646 0.0596924 5896 5360
88.165 0.000457764 5360 6030
88.1665 0.00141144 6030 5896
88.2261 0.0596771 5896 6030
88.2337 0.00756836 6030 6432
88.2953 0.0615463 6432 6968
88.3558 0.0605698 6968 7504
88.4174 0.0615387 7504 8040
88.4799 0.0625153 8040 7504
88.4803 0.000465393 7504 7142
88.4808 0.000473022 7142 6961
88.4813 0.000473022 6961 6030
88.4818 0.000473022 6030 5896
88.5419 0.0601273 5896 6030
88.603 0.0610962 6030 6432
88.7876 0.184639 6432 6968
88.8449 0.0572968 6968 7504
88.9065 0.0615463 7504 8040
88.9136 0.00709534 8040 7504
88.914 0.000473022 7504 7142
88.9145 0.000473022 7142 6961
88.915 0.000473022 6961 6030
88.9154 0.000473022 6030 5896
88.9742 0.0587463 5896 5360
88.9751 0.000930786 5360 6030
88.977 0.00188446 6030 5896
89.0362 0.0591888 5896 6030
89.0973 0.0610886 6030 6432
89.1006 0.00330353 6432 5896
89.2152 0.114616 5896 5360
89.2768 0.0615463 5360 5896
89.3383 0.0615463 5896 6432
89.4055 0.0672455 6432 5896
89.4084 0.00286865 5896 5360
89.4671 0.0587006 5360 5896
89.585 0.117912 5896 5360
89.586 0.000946045 5360 4824
89.6466 0.0606232 4824 5360
89.8322 0.185577 5360 5896
89.8384 0.00617218 5896 6432
89.8952 0.0568085 6432 5896
89.8956 0.000473022 5896 5360
90.0183 0.122643 5360 5896
90.1409 0.122612 5896 6432
90.147 0.00615692 6432 5896
90.1475 0.000473022 5896 5360
90.3293 0.181808 5360 5896
90.3881 0.0587311 5896 5360
90.5112 0.123108 5360 5896
90.5173 0.00615692 5896 6432
90.5789 0.0615463 6432 6968
90.639 0.0600891 6968 7504
90.7005 0.0615463 7504 8040
90.7583 0.0578079 8040 7504
90.7588 0.000473022 7504 7142
90.7602 0.00139618 7142 6961
90.7606 0.000473022 6961 6030
90.7611 0.000473022 6030 5896
90.765 0.00385284 5896 5360
90.8199 0.0548935 5360 6030
90.8227 0.00281525 6030 5896
90.8265 0.00383759 5896 6030
90.8871 0.0605621 6030 6432
90.9486 0.0615463 6432 6968
91.0121 0.0634537 6968 6030
91.0126 0.00050354 6030 5896
91.0736 0.0610352 5896 6030
91.1342 0.0606232 6030 6432
91.1958 0.0615463 6432 6968
91.2564 0.0605621 6968 7504
91.3179 0.0615463 7504 8040
91.379 0.0610962 8040 6968
91.3795 0.000473022 6968 6606
91.3799 0.000465393 6606 6030
91.3804 0.000473022 6030 5896
91.4406 0.0601501 5896 6030
91.5637 0.123093 6030 6432
91.6233 0.0596924 6432 5896
91.746 0.122643 5896 6432
91.8076 0.0615616 6432 5896
91.8151 0.0075531 5896 5360
91.8691 0.0540161 5360 5896
91.9312 0.0620346 5896 5360
92.0012 0.0700226 5360 5896
92.0618 0.0606003 5896 6432
92.1191 0.0572968 6432 5896
92.1233 0.00427246 5896 5360
92.1802 0.056839 5360 4824
92.1806 0.000457764 4824 5360
92.3654 0.184708 5360 5896
92.4274 0.0620193 5896 6432
92.4889 0.0615463 6432 6968
92.4927 0.00377655 6968 7504
92.5557 0.0629654 7504 8040
92.6144 0.0587311 8040 7504
92.6149 0.000473022 7504 7142
92.6153 0.000465393 7142 6961
92.6158 0.000473022 6961 6030
92.6163 0.000473022 6030 5896
92.6182 0.00190735 5896 5360
92.6764 0.0582428 5360 6030
92.6778 0.00141907 6030 5896
92.6797 0.00188446 5896 6030
92.7408 0.0610962 6030 6432
92.8024 0.0615463 6432 6968
92.8629 0.0605774 6968 7504
92.9245 0.0615463 7504 8040
92.9283 0.0038147 8040 7504
92.9837 0.0554123 7504 7142
92.9842 0.000473022 7142 6961
92.9847 0.000465393 6961 6030
92.9851 0.000473022 6030 5896
92.9903 0.00515747 5896 6030
93.0519 0.0615616 6030 6432
93.1721 0.120277 6432 5896
93.2943 0.122185 5896 5360
93.4174 0.123116 5360 5896
93.4235 0.00611877 5896 6432
93.4851 0.0615387 6432 6968
93.5457 0.060585 6968 7504
93.6072 0.0615463 7504 8040
93.7298 0.12262 8040 8576
93.7336 0.00379181 8576 8040
93.7341 0.000473022 8040 7683
93.7891 0.0549774 7683 7504
93.7896 0.000473022 7504 7326
93.79 0.000473022 7326 6432
93.8572 0.0671692 6432 6968
93.9183 0.0610733 6968 7504
93.9761 0.0578308 7504 6968
93.9775 0.00139618 6968 6432
93.9784 0.000938416 6432 5896
94.0377 0.0592499 5896 6432
94.0396 0.00188446 6432 5896
94.04 0.000450134 5896 6432
94.0415 0.00144196 6432 5896
94.0419 0.000465393 5896 5360
94.1012 0.059227 5360 5896
94.103 0.0018692 5896 6432
94.1651 0.0620346 6432 6968
94.2261 0.0610733 6968 7504
94.2877 0.0615463 7504 8040
94.2901 0.00238037 8040 7504
94.2905 0.000473022 7504 7189
94.291 0.000473022 7189 6432
94.408 0.116989 6432 5360
94.4696 0.0615692 5360 6432
94.533 0.0633926 6432 6968
94.5936 0.0606384 6968 7504
94.6551 0.0615463 7504 8040
94.7224 0.0672531 8040 7504
94.7229 0.000465393 7504 6432
94.8441 0.121246 6432 5896
95.0259 0.181801 5896 5360
95.0278 0.00193024 5360 4824
95.0875 0.0596542 4824 5360
95.0885 0.000961304 5360 4824
95.0894 0.000946045 4824 5360
95.2144 0.125023 5360 4824
95.2736 0.0592041 4824 4288
95.276 0.00235748 4288 4824
95.3977 0.121696 4824 5360
95.4592 0.0615463 5360 5413
95.5241 0.0648499 5413 5896
95.5851 0.0610733 5896 6432
95.6467 0.0615387 6432 6968
95.7693 0.12262 6968 7504
95.7717 0.00238037 7504 6968
95.7722 0.000473022 6968 6600
95.7726 0.000473022 6600 6416
95.7731 0.000473022 6416 5628
95.7736 0.000473022 5628 5360
95.8337 0.0601273 5360 5628
96.0165 0.182747 5628 5896
96.0775 0.0610733 5896 6432
96.1391 0.0615463 6432 6968
96.2016 0.0625076 6968 6432
96.2021 0.000473022 6432 6111
96.2025 0.000473022 6111 5628
96.203 0.000473022 5628 5360
96.2636 0.0606003 5360 5628
96.2669 0.00332642 5628 4824
96.3285 0.0615463 4824 5092
96.5145 0.186066 5092 4288
96.5771 0.0625305 4288 4556
96.632 0.0549393 4556 3752
96.6935 0.0615463 3752 4556
96.7613 0.0677185 4556 4619
96.8219 0.060585 4619 4824
96.8805 0.0586929 4824 5360
96.9421 0.0615463 5360 5896
97.0647 0.12262 5896 6432
97.1263 0.0615616 6432 5896
97.1267 0.000473022 5896 5514
97.1272 0.000473022 5514 4824
97.132 0.004776 4824 4288
97.1878 0.0558472 4288 4824
97.2546 0.0667953 4824 5360
97.4373 0.182686 5360 5896
97.4984 0.0610733 5896 6432
97.5609 0.0624924 6432 6968
97.5628 0.00190735 6968 6432
97.5633 0.000526428 6432 6057
97.5638 0.000473022 6057 5870
97.6206 0.0567703 5870 5226
97.621 0.000473022 5226 4824
97.6257 0.00469971 4824 5226
97.6868 0.0610886 5226 5360
97.8095 0.12262 5360 5896
97.8696 0.0601501 5896 5360
97.8701 0.000473022 5360 5226
97.8705 0.000473022 5226 4824
97.9311 0.0606003 4824 5226
97.9922 0.0610962 5226 5360
98.1191 0.126846 5360 5896
98.1802 0.0610733 5896 6432
98.2417 0.0615463 6432 6968
98.3042 0.0625076 6968 6432
98.3047 0.000473022 6432 6057
98.3052 0.000473022 6057 5870
98.3056 0.000473022 5870 5226
98.3061 0.000465393 5226 4824
98.3662 0.0601349 4824 5226
98.4273 0.0610886 5226 5360
98.6101 0.182755 5360 5896
98.6157 0.00563812 5896 6432
98.6773 0.0615463 6432 6968
98.7374 0.0601501 6968 7504
98.7999 0.0625076 7504 6968
98.8008 0.000930786 6968 6600
98.8013 0.000465393 6600 6416
98.8018 0.000473022 6416 5628
98.8023 0.000473022 5628 5360
98.8615 0.0592041 5360 5628
98.923 0.0615692 5628 5896
98.985 0.0619965 5896 6432
99.0466 0.0615463 6432 6968
99.1692 0.12262 6968 7504
99.2308 0.0615616 7504 6968
99.2312 0.000473022 6968 6600
99.2322 0.000961304 6600 6416
99.2327 0.000473022 6416 5628
99.2331 0.000473022 5628 4824
99.2923 0.0591888 4824 5628
99.477 0.184654 5628 5679
99.5399 0.0629425 5679 5896
99.601 0.0610733 5896 6432
99.6625 0.0615463 6432 6968
99.7852 0.12262 6968 7504
99.8477 0.0625076 7504 6968
99.8481 0.000473022 6968 6600
99.8486 0.000473022 6600 6416
99.8491 0.000465393 6416 5628
99.8496 0.000473022 5628 5360
99.9092 0.0596619 5360 5628
99.9111 0.00190735 5628 5360
99.9121 0.000938416 5360 4824
99.9727 0.0606461 4824 4288
99.9736 0.000923157 4288 5628
99.975 0.00141144 5628 5360
100.031 0.0563965 5360 5092
100.032 0.000923157 5092 4824
100.034 0.00189209 4824 5092
100.035 0.000938416 5092 4824
100.037 0.00189209 4824 5092
100.529 0.492386 5092 4288
100.591 0.0615387 4288 4556
100.837 0.245712 4556 4824
100.84 0.00283051 4824 5360
100.902 0.0620193 5360 5896
100.962 0.0606232 5896 5360
100.963 0.000473022 5360 4989
100.963 0.000473022 4989 4556
100.964 0.000465393 4556 4288
101.024 0.0601349 4288 4556
101.084 0.0606384 4556 3752
101.146 0.0620346 3752 4020
101.147 0.000473022 4020 3216
101.208 0.0615692 3216 4020
101.27 0.0611115 4020 3216
101.332 0.0620117 3216 3484
101.455 0.123116 3484 3566
101.516 0.0610733 3566 3646
101.518 0.00188446 3646 3724
101.579 0.0610733 3724 3801
101.64 0.0610733 3801 3876
101.642 0.00238037 3876 3216
101.704 0.0620193 3216 3340
101.766 0.0615616 3340 3752
101.827 0.0610733 3752 3828
101.888 0.0615463 3828 4288
102.014 0.12545 4288 4824
102.075 0.0610733 4824 5360
102.136 0.0615463 5360 5896
102.259 0.12262 5896 6432
102.443 0.184151 6432 6968
102.448 0.00471497 6968 7504
102.51 0.0620193 7504 8040
102.571 0.0610733 8040 8576
102.633 0.0615463 8576 9112
102.697 0.0639267 9112 8576
102.697 0.000473022 8576 8224
102.697 0.000465393 8224 8048
102.698 0.000473022 8048 7871
102.698 0.000473022 7871 7695
102.699 0.000473022 7695 7519
102.752 0.0535202 7519 7342
102.753 0.000473022 7342 6834
102.753 0.000473022 6834 6432
102.758 0.0047226 6432 6834
102.819 0.0611115 6834 5896
102.881 0.0619965 5896 6298
102.939 0.057785 6298 5360
102.943 0.00427246 5360 4824
103.001 0.0577698 4824 5360
103.001 0 5360 5762
103.003 0.00239563 5762 5360
103.005 0.00138092 5360 5762
103.127 0.122185 5762 5896
103.187 0.060112 5896 6432
103.249 0.0615387 6432 6968
103.372 0.123116 6968 6432
103.372 0.000473022 6432 6129
103.373 0.000473022 6129 5762
103.373 0.000465393 5762 5360
103.434 0.0606079 5360 5762
103.498 0.063942 5762 4824
103.559 0.0615616 4824 4288
103.56 0.000457764 4288 4824
103.621 0.0610886 4824 5226
103.682 0.0610962 5226 5360
103.746 0.0639191 5360 4824
104.177 0.431335 4824 4288
104.362 0.184654 4288 4824
104.422 0.0600891 4824 5360
104.483 0.0615463 5360 5896
104.549 0.0653839 5896 5360
104.604 0.0553513 5360 4969
104.607 0.00286865 4969 4422
104.607 0.000473022 4422 4288
104.608 0.000473022 4288 3752
104.611 0.00286865 3752 4422
104.669 0.0582199 4422 4288
104.67 0.000450134 4288 4422
104.731 0.0615692 4422 4824
104.735 0.0038147 4824 5360
104.795 0.0601501 5360 4824
104.796 0.000473022 4824 4422
104.796 0.000465393 4422 4288
104.857 0.0606079 4288 4422
104.918 0.0615845 4422 3752
104.98 0.0615387 3752 3886
105.041 0.0615845 3886 3216
105.103 0.0619812 3216 3350
105.165 0.0615692 3350 3435
105.167 0.00233459 3435 3518
105.228 0.0606232 3518 3599
105.289 0.0610962 3599 2680
105.35 0.0615463 2680 3063
105.412 0.0610886 3063 3156
105.473 0.0615463 3156 3247
105.535 0.0615463 3247 3335
105.537 0.00188446 3335 3421
105.598 0.0610733 3421 3504
105.659 0.0610733 3504 3585
105.661 0.00189209 3585 3665
105.722 0.0610733 3665 3743
105.783 0.0610733 3743 3819
105.845 0.0625305 3819 3216
105.846 0.000938416 3216 2680
105.907 0.0606232 2680 3063
105.968 0.0615463 3063 3156
106.03 0.0615463 3156 3247
106.091 0.0615463 3247 3335
106.094 0.00234222 3335 3421
106.277 0.1828 3421 2680
106.278 0.00190735 2680 2144
106.338 0.0596619 2144 2680
106.4 0.0620193 2680 2885
106.401 0.000961304 2885 2984
106.463 0.0619965 2984 3080
106.525 0.0615463 3080 3173
106.586 0.0615463 3173 3263
106.648 0.0615463 3263 3351
106.709 0.0615616 3351 2680
106.771 0.0615463 2680 2815
106.773 0.00238037 2815 2917
106.896 0.122635 2917 2144
106.957 0.0615463 2144 2381
107.019 0.0615845 2381 1608
107.081 0.0615463 1608 1845
107.142 0.0610962 1845 2000
107.203 0.0615463 2000 2143
107.265 0.0615463 2143 2277
107.326 0.0615387 2277 2403
107.327 0.000946045 2403 2522
107.388 0.0610733 2522 2635
107.389 0.000946045 2635 2744
107.45 0.0610733 2744 2848
107.512 0.0615463 2848 2948
107.573 0.0615463 2948 3045
107.635 0.0615463 3045 3139
107.697 0.0615463 3139 3230
107.758 0.0615387 3230 3318
107.76 0.00189209 3318 3404
107.821 0.0610733 3404 3488
107.882 0.0610733 3488 3570
107.884 0.00189209 3570 3650
107.945 0.0610733 3650 3728
108.006 0.0610733 3728 3805
108.008 0.00188446 3805 3880
108.07 0.0620193 3880 4288
108.194 0.123558 4288 4824
108.254 0.0601349 4824 4883
108.315 0.0615463 4883 5360
108.319 0.00331879 5360 4824
108.377 0.0582428 4824 4422
108.377 0.000473022 4422 4020
108.378 0.000473022 4020 3752
108.381 0.00283051 3752 4020
108.442 0.0610962 4020 4288
108.564 0.122635 4288 3752
108.687 0.122169 3752 3216
108.81 0.123085 3216 3752
108.813 0.00332642 3752 3828
108.874 0.0615463 3828 4288
108.998 0.123108 4288 3752
108.998 0.000473022 3752 3216
109.122 0.123619 3216 2680
109.183 0.0615692 2680 3216
109.428 0.244408 3216 2680
109.489 0.0615616 2680 3216
109.937 0.447754 3216 536
112.26 2.32309 536 1072
112.322 0.0620193 1072 1340
112.384 0.0620117 1340 1554
112.446 0.0620193 1554 1738
112.709 0.262489 1738 1903
112.771 0.0620193 1903 2053
112.832 0.0615463 2053 2192
112.894 0.0615463 2192 2323
112.895 0.000938416 2323 2446
112.956 0.0610809 2446 2563
112.957 0.000938416 2563 2675
113.018 0.0610733 2675 2782
113.019 0.000946045 2782 2885
113.081 0.0620193 2885 2984
113.203 0.122635 2984 2144
113.204 0.000961304 2144 1608
113.205 0.000473022 1608 1072
114.141 0.936531 1072 536
114.464 0.32309 536 1072
114.526 0.0620193 1072 1340
114.588 0.0620193 1340 1554
114.65 0.0620117 1554 1738
114.712 0.0620193 1738 1903
114.774 0.0615463 1903 2053
115.036 0.262016 2053 2192
115.098 0.0620193 2192 2323
115.099 0.000946045 2323 2446
115.16 0.0610733 2446 2563
115.161 0.000946045 2563 2675
115.222 0.0610733 2675 2782
115.223 0.000938416 2782 2885
115.285 0.0620193 2885 2984
115.347 0.0615463 2984 3080
115.408 0.0615463 3080 3173
115.47 0.0615463 3173 3263
115.531 0.0615463 3263 3351
115.533 0.00188446 3351 3436
115.594 0.0610733 3436 3519
115.655 0.0610733 3519 3600
115.657 0.00189209 3600 3679
115.718 0.0610733 3679 3757
115.779 0.0610733 3757 3833
115.841 0.0615463 3833 4288
115.905 0.0643768 4288 4355
115.967 0.0620193 4355 4824
116.028 0.0610733 4824 5360
116.091 0.0625076 5360 4824
116.091 0.000473022 4824 4422
116.092 0.000473022 4422 4020
116.092 0.000465393 4020 3752
116.152 0.0601349 3752 4020
116.213 0.0610886 4020 4288
116.275 0.0615463 4288 4824
116.398 0.122604 4824 5360
116.46 0.0625076 5360 4824
116.461 0.000473022 4824 4422
116.461 0.000465393 4422 4020
116.462 0.000473022 4020 3752
116.521 0.0597 3752 3216
116.522 0.000450134 3216 4020
116.523 0.00141907 4020 3752
116.583 0.0596771 3752 4020
116.644 0.0610886 4020 4288
116.767 0.123116 4288 3752
116.891 0.124527 3752 3216
117.076 0.184181 3216 3305
117.08 0.00422668 3305 3391
117.139 0.0587311 3391 3475
117.2 0.0615692 3475 2680
117.262 0.0620346 2680 2939
117.263 0.000473022 2939 2144
117.324 0.0615616 2144 2939
117.386 0.0615692 2939 3036
117.447 0.0615463 3036 3130
117.509 0.0615463 3130 3221
117.57 0.0615463 3221 3310
117.632 0.0610733 3310 3396
117.633 0.00188446 3396 3480
117.756 0.122169 3480 3216
117.757 0.000961304 3216 2939
117.757 0.000473022 2939 2680
117.817 0.059639 2680 2939
117.819 0.00190735 2939 3036
117.881 0.0620346 3036 2680
117.941 0.0601273 2680 2500
118.003 0.0624924 2500 2614
118.005 0.00141144 2614 2723
118.065 0.0606079 2723 2828
118.127 0.0615463 2828 2929
118.188 0.0615387 2929 3027
118.25 0.0615463 3027 3121
118.312 0.0625153 3121 2144
118.374 0.0615387 2144 2500
118.558 0.183754 2500 1608
118.619 0.0615463 1608 1964
118.62 0.000946045 1964 2110
118.682 0.0615463 2110 2246
118.743 0.0615387 2246 2373
118.744 0.000946045 2373 2494
118.805 0.0610733 2494 2609
118.806 0.000946045 2609 2719
118.867 0.0610733 2719 2824
118.929 0.0615463 2824 2925
118.99 0.0615463 2925 3023
119.053 0.0629807 3023 2144
119.114 0.0606155 2144 1964
119.114 0.000473022 1964 1608
119.115 0.000930786 1608 1964
119.176 0.0610886 1964 2110
119.238 0.0615463 2110 2246
119.3 0.0615463 2246 2373
119.301 0.000946045 2373 2494
119.362 0.0610733 2494 2609
119.363 0.000938416 2609 2719
119.424 0.0610733 2719 2824
119.485 0.0615463 2824 2925
119.547 0.0615463 2925 3023
119.608 0.0615463 3023 3118
119.67 0.0615463 3118 3210
119.731 0.0615463 3210 3299
119.793 0.0615463 3299 3386
119.795 0.00188446 3386 3470
119.856 0.0610733 3470 3552
119.917 0.0610733 3552 3632
119.919 0.00189209 3632 3711
120.041 0.121696 3711 2680
120.041 0.000465393 2680 2144
120.042 0.000968933 2144 1964
120.042 0.000473022 1964 1608
120.102 0.059639 1608 1964
120.104 0.00237274 1964 2110
120.166 0.0615463 2110 2246
120.228 0.0615463 2246 2373
120.228 0.000946045 2373 2494
120.29 0.0620193 2494 2609
120.353 0.0620117 2609 2719
120.353 0.000946045 2719 2824
120.415 0.0620193 2824 2925
120.477 0.0615463 2925 3023
120.539 0.0615463 3023 3118
120.601 0.0620346 3118 2144
120.602 0.000961304 2144 1964
120.602 0.000473022 1964 1608
120.662 0.060112 1608 1964
120.723 0.0610962 1964 2110
120.785 0.0615387 2110 2246
120.846 0.0615463 2246 2373
120.847 0.000946045 2373 2494
120.908 0.0610733 2494 2609
120.909 0.000946045 2609 2719
120.97 0.0610733 2719 2824
121.032 0.0615616 2824 2144
121.032 0.000473022 2144 1964
121.033 0.000495911 1964 1608
121.093 0.0605774 1608 1964
121.095 0.00143433 1964 2110
121.156 0.0615463 2110 2246
121.218 0.0615463 2246 2373
121.219 0.000946045 2373 2494
121.28 0.0610733 2494 2609
121.281 0.000946045 2609 2719
121.342 0.0610733 2719 2824
121.404 0.0615463 2824 2925
121.465 0.0615387 2925 3023
121.527 0.0615463 3023 3118
121.588 0.0615463 3118 3210
121.65 0.0615463 3210 3299
121.711 0.0615463 3299 3386
121.713 0.00189209 3386 3470
121.774 0.0610733 3470 3552
121.835 0.0610733 3552 3632
121.837 0.00188446 3632 3711
121.898 0.0610733 3711 3788
121.959 0.0610733 3788 3863
122.021 0.0615463 3863 4288
122.207 0.186523 4288 4824
122.269 0.0610733 4824 4883
122.33 0.0615463 4883 5360
122.518 0.188416 5360 5896
122.581 0.0620346 5896 5360
122.581 0.000473022 5360 4969
122.581 0.000473022 4969 4422
122.582 0.000473022 4422 4288
122.642 0.0601273 4288 4422
122.703 0.0611115 4422 3752
122.765 0.0615463 3752 3886
122.826 0.0615463 3886 4288
122.89 0.0639038 4288 3752
123.135 0.245277 3752 3828
123.197 0.0615463 3828 3903
123.259 0.0615463 3903 3976
123.505 0.246178 3976 4048
124.305 0.800095 4048 4118
124.366 0.0615463 4118 4187
124.492 0.125511 4187 3216
124.492 0.000473022 3216 2680
124.553 0.0610886 2680 3216
124.554 0.000457764 3216 3651
124.677 0.123108 3651 3729
124.679 0.00234222 3729 3806
124.74 0.0606384 3806 3216
124.802 0.0615463 3216 3270
124.862 0.0606232 3270 3357
124.865 0.00279236 3357 3442
124.926 0.0606155 3442 3525
124.987 0.0615692 3525 2680
125.049 0.0615616 2680 2989
125.11 0.0610962 2989 3085
125.171 0.0615463 3085 3178
125.233 0.0615463 3178 3268
125.294 0.0615463 3268 3355
125.355 0.0610733 3355 3440
125.357 0.00188446 3440 3523
125.479 0.121696 3523 2680
125.541 0.0615463 2680 2987
125.543 0.00238037 2987 3083
125.605 0.0615387 3083 3176
125.666 0.0615463 3176 3266
125.728 0.0615463 3266 3353
125.789 0.0610733 3353 3438
125.791 0.00189209 3438 3521
125.852 0.0610733 3521 3602
125.913 0.0610733 3602 3681
125.975 0.0620346 3681 2680
126.036 0.0615463 2680 2987
126.097 0.0610962 2987 3083
126.159 0.0615387 3083 3176
126.221 0.0615463 3176 3266
126.282 0.0615463 3266 3353
126.284 0.00189209 3353 3438
126.345 0.0610733 3438 3521
126.406 0.0610733 3521 3602
126.408 0.00188446 3602 3681
126.469 0.0610733 3681 3759
126.53 0.0610733 3759 3835
126.592 0.0615463 3835 4288
126.778 0.186523 4288 4824
126.839 0.0610733 4824 5360
126.901 0.0615463 5360 5896
126.967 0.0657959 5896 6432
127.148 0.181824 6432 5896
127.149 0.000473022 5896 5514
127.149 0.000473022 5514 4824
127.214 0.0643921 4824 4288
127.398 0.184189 4288 4824
127.458 0.0596542 4824 5360
127.519 0.0615463 5360 5896
127.642 0.12262 5896 6432
127.831 0.189354 6432 6968
127.891 0.0601349 6968 7504
127.953 0.0615463 7504 8040
128.018 0.0653381 8040 7504
128.019 0.000473022 7504 7142
128.019 0.000473022 7142 6961
128.02 0.000473022 6961 6030
128.02 0.000473022 6030 5896
128.386 0.366074 5896 5360
128.448 0.0615692 5360 5896
128.573 0.125061 5896 5360
128.634 0.0615692 5360 5896
129.016 0.381454 5896 536
129.339 0.32309 536 1072
129.401 0.062027 1072 1608
129.463 0.0620117 1608 2144
129.524 0.0615387 2144 2680
129.525 0.000946045 2680 3216
129.586 0.0610809 3216 3752
129.587 0.000946045 3752 4288
129.588 0.000946045 4288 4824
129.648 0.0601196 4824 5360
129.773 0.124527 5360 4824
129.899 0.125931 4824 5360
129.959 0.0596771 5360 4824
130.019 0.0606384 4824 4288
130.02 0.000915527 4288 4824
130.022 0.00143433 4824 4288
130.081 0.0592041 4288 4824
130.145 0.0639191 4824 5360
130.206 0.0615387 5360 5896
130.329 0.12262 5896 6432
130.394 0.0653381 6432 5896
130.451 0.0568237 5896 5514
130.452 0.000473022 5514 4824
130.517 0.0653381 4824 5360
130.701 0.183685 5360 5896
130.762 0.0610809 5896 5360
130.762 0.000473022 5360 4824
130.765 0.00332642 4824 4288
130.823 0.0577698 4288 4824
130.888 0.0648651 4824 5360
131.01 0.122147 5360 5896
131.071 0.0610809 5896 6432
131.133 0.0615387 6432 6968
131.136 0.00332642 6968 6550
131.137 0.000473022 6550 6340
131.193 0.0568237 6340 6131
131.194 0.000473022 6131 5922
131.194 0.000473022 5922 5712
131.195 0.000473022 5712 5226
131.195 0.000473022 5226 4824
131.318 0.123154 4824 4288
131.38 0.061554 4288 4824
131.505 0.125061 4824 4288
131.567 0.0615692 4288 4824
132.133 0.566147 4824 536
132.456 0.32309 536 1072
132.518 0.062027 1072 1608
132.58 0.0620117 1608 2144
132.642 0.061554 2144 2680
132.642 0.000946045 2680 3216
132.704 0.0610657 3216 3752
132.704 0.000946045 3752 4288
132.704 0 4288 4355
132.766 0.0610962 4355 3752
132.827 0.0615387 3752 3819
133.075 0.24762 3819 3216
133.443 0.368011 3216 2144
133.504 0.0615845 2144 2680
133.506 0.00189209 2680 3216
134.014 0.507416 3216 536
134.075 0.061554 536 1072
134.137 0.0620117 1072 1608
134.199 0.062027 1608 2144
134.261 0.0615387 2144 2680
134.261 0 2680 2787
134.323 0.0620422 2787 2144
134.384 0.061554 2144 2251
134.385 0.000473022 2251 2144
134.445 0.0606384 2144 1608
134.507 0.061554 1608 2251
134.508 0.000946045 2251 2378
134.569 0.0610657 2378 2498
134.57 0.000946045 2498 2613
134.631 0.0610809 2613 2722
134.632 0.000930786 2722 2827
134.694 0.062027 2827 2928
134.756 0.0615387 2928 3026
134.817 0.061554 3026 3120
134.879 0.0615387 3120 3212
134.94 0.061554 3212 3301
135.002 0.0615387 3301 3388
135.003 0.000946045 3388 3472
135.065 0.0620117 3472 3554
135.126 0.0610809 3554 3634
135.128 0.00189209 3634 3713
135.189 0.0610657 3713 3790
135.25 0.0610809 3790 3865
135.311 0.0615387 3865 4288
135.373 0.0620422 4288 3752
135.374 0.000473022 3752 3216
135.498 0.124023 3216 3305
135.5 0.00189209 3305 3391
135.561 0.0610809 3391 3475
135.623 0.0625 3475 2680
135.685 0.0620422 2680 2939
135.746 0.0601501 2939 2144
135.807 0.0615387 2144 2939
135.869 0.061554 2939 3036
135.93 0.0615387 3036 3130
135.992 0.061554 3130 3221
136.053 0.0615387 3221 3310
136.055 0.00189209 3310 3396
136.116 0.0610657 3396 3480
136.178 0.0615692 3480 2680
136.24 0.0620117 2680 2939
136.301 0.0610962 2939 3036
136.362 0.061554 3036 3130
136.425 0.062027 3130 2144
136.487 0.062027 2144 2594
136.61 0.123611 2594 2144
136.611 0.000473022 2144 2058
136.672 0.061554 2058 2197
136.734 0.0615387 2197 2327
136.735 0.000946045 2327 2450
136.796 0.0610809 2450 2567
136.797 0.000930786 2567 2678
136.858 0.0610809 2678 2785
136.859 0.000946045 2785 2888
136.921 0.0620117 2888 2987
136.982 0.061554 2987 3083
137.044 0.0615387 3083 3176
137.105 0.061554 3176 3266
137.167 0.0615387 3266 3353
137.228 0.0610657 3353 3438
137.29 0.0620422 3438 2680
137.29 0.000473022 2680 2144
137.291 0.000473022 2144 2058
137.291 0.000488281 2058 1608
137.352 0.0601196 1608 2058
137.413 0.0610809 2058 2197
137.475 0.0625 2197 2327
137.537 0.0620117 2327 2450
137.538 0.000946045 2450 2567
137.6 0.0620117 2567 2678
137.662 0.062027 2678 2785
137.663 0.000946045 2785 2888
137.725 0.0620117 2888 2987
137.787 0.0615387 2987 3083
137.848 0.061554 3083 3176
137.971 0.122635 3176 2144
137.972 0.000961304 2144 2058
137.972 0.000473022 2058 1608
138.032 0.0601196 1608 2058
138.034 0.00144958 2058 1608
138.095 0.0615692 1608 1072
138.157 0.0615387 1072 2058
138.218 0.0615387 2058 2197
138.28 0.061554 2197 2327
138.281 0.000946045 2327 2450
138.342 0.0610657 2450 2567
138.343 0.000946045 2567 2678
138.404 0.0610809 2678 2785
138.405 0.000946045 2785 2888
138.468 0.0625 2888 2144
138.528 0.0606232 2144 2058
138.529 0.000473022 2058 1608
139.405 0.876404 1608 536
139.728 0.32309 536 1072
139.79 0.0620117 1072 1340
139.852 0.0620117 1340 1554
139.914 0.062027 1554 1738
140.177 0.262482 1738 1903
140.239 0.062027 1903 2053
140.362 0.123123 2053 1072
140.485 0.123093 1072 1340
140.547 0.0620117 1340 1554
140.609 0.062027 1554 1738
140.671 0.0620117 1738 1903
140.933 0.262024 1903 2053
140.995 0.0620117 2053 2192
141.056 0.061554 2192 2323
141.057 0.000930786 2323 2446
141.119 0.0610809 2446 2563
141.119 0.000946045 2563 2675
141.181 0.0610657 2675 2782
141.181 0.000946045 2782 2885
141.243 0.062027 2885 2984
141.305 0.0615387 2984 3080
141.367 0.061554 3080 3173
141.428 0.0615387 3173 3263
141.49 0.0615387 3263 3351
141.551 0.0610809 3351 3436
141.553 0.00189209 3436 3519
141.614 0.0610657 3519 3600
141.675 0.0610809 3600 3679
141.677 0.00187683 3679 3757
141.738 0.0610809 3757 3833
141.799 0.0615387 3833 4288
141.925 0.125458 4288 4824
141.986 0.0610809 4824 5360
142.047 0.0615387 5360 5896
142.171 0.124054 5896 5456
142.172 0.000473022 5456 5236
142.172 0.000473022 5236 4422
142.173 0.000473022 4422 4288
142.232 0.0591888 4288 4422
142.358 0.126389 4422 4824
142.419 0.0606079 4824 5360
142.481 0.0615387 5360 5896
142.602 0.121719 5896 5360
142.603 0.000946045 5360 4422
142.604 0.000915527 4422 4288
142.664 0.0596771 4288 4422
142.669 0.00471497 4422 4486
142.73 0.0615387 4486 4824
142.791 0.0610657 4824 5360
142.853 0.061554 5360 5896
142.911 0.0582733 5896 5360
142.914 0.00331116 5360 4969
142.915 0.000473022 4969 4422
142.915 0.000457764 4422 3752
142.973 0.0573273 3752 4422
143.038 0.0657654 4422 4824
143.158 0.119339 4824 5360
143.287 0.129211 5360 5896
143.348 0.0610657 5896 6432
143.409 0.061554 6432 6968
143.529 0.119797 6968 7504
143.714 0.184662 7504 6968
143.714 0.000473022 6968 6600
143.715 0.000946045 6600 5628
143.716 0.000473022 5628 5360
143.775 0.0592194 5360 4824
143.775 0.000457764 4824 5628
143.777 0.00189209 5628 5360
143.837 0.0592041 5360 5628
143.898 0.0615387 5628 5896
143.966 0.0676575 5896 5360
144.089 0.123093 5360 5896
144.154 0.0653687 5896 5360
144.216 0.062027 5360 4824
144.277 0.0611115 4824 4288
144.278 0.000457764 4288 5360
144.332 0.0545044 5360 4824
144.34 0.0075531 4824 4288
144.401 0.0615387 4288 4824
144.709 0.307297 4824 4288
144.887 0.178528 4288 4824
144.948 0.0605774 4824 5360
145.009 0.061554 5360 5896
145.08 0.0709839 5896 6432
145.205 0.124527 6432 6004
145.257 0.0516205 6004 5789
145.257 0.000473022 5789 4824
145.32 0.0634613 4824 4288
145.449 0.128342 4288 3752
145.567 0.118362 3752 3828
145.629 0.061554 3828 3903
146.621 0.991791 3903 3216
146.682 0.0615387 3216 3367
146.799 0.116547 3367 2680
146.86 0.0615387 2680 2831
146.921 0.0610962 2831 2932
146.983 0.061554 2932 3029
147.044 0.0615387 3029 3123
147.106 0.0615387 3123 3214
147.167 0.061554 3214 3303
147.229 0.0615387 3303 3389
147.231 0.00189209 3389 3473
147.292 0.0610809 3473 3555
147.353 0.0610657 3555 3635
147.355 0.00189209 3635 3714
147.416 0.0610657 3714 3791
147.477 0.0610809 3791 3866
147.539 0.0615387 3866 4288
147.725 0.186523 4288 4824
147.786 0.0610809 4824 5360
147.848 0.0615387 5360 5896
147.914 0.0657959 5896 6432
148.1 0.186081 6432 5896
148.1 0.000473022 5896 5514
148.101 0.000473022 5514 4824
148.282 0.181351 4824 4288
148.405 0.123108 4288 4824
148.528 0.12262 4824 5360
148.589 0.0615387 5360 5413
148.716 0.126877 5413 5896
148.776 0.0601196 5896 6432
148.838 0.061554 6432 6968
148.96 0.12262 6968 7504
148.963 0.00238037 7504 6968
148.963 0.000457764 6968 6600
148.964 0.000473022 6600 6416
148.964 0.000473022 6416 5628
148.965 0.000473022 5628 5360
149.025 0.0601349 5360 5628
149.084 0.0596771 5628 4824
149.146 0.0615692 4824 5092
149.146 0.000488281 5092 4824
149.147 0.000946045 4824 4288
149.209 0.0615387 4288 5092
149.27 0.061554 5092 5360
149.332 0.0615387 5360 5896
149.334 0.00190735 5896 5360
149.335 0.000930786 5360 5092
149.335 0.000473022 5092 4824
149.396 0.0605927 4824 5092
149.64 0.243866 5092 4288
149.701 0.0615387 4288 4556
149.826 0.124985 4556 4824
149.888 0.0620422 4824 4288
150.011 0.122162 4288 4824
150.132 0.121689 4824 5360
150.198 0.0657959 5360 4824
150.255 0.057312 4824 4288
150.318 0.0629883 4288 3752
150.38 0.0615387 3752 4288
150.445 0.0648346 4288 4824
150.505 0.0606079 4824 5360
150.567 0.061554 5360 4824
150.567 0.000473022 4824 4288
150.812 0.244339 4288 4824
150.816 0.00421143 4824 5360
150.877 0.0615387 5360 5896
150.938 0.0601654 5896 6432
151.001 0.0634155 6432 5896
151.001 0.000473022 5896 5514
151.002 0.000473022 5514 4824
151.306 0.304016 4824 4288
151.495 0.188904 4288 4824
151.556 0.0610657 4824 5360
151.615 0.0592041 5360 4824
151.617 0.00236511 4824 4288
151.743 0.125458 4288 4824
151.804 0.0610809 4824 4288
151.927 0.123123 4288 4824
151.986 0.0591736 4824 5360
152.048 0.061554 5360 5896
152.17 0.122147 5896 6432
152.299 0.129227 6432 6968
152.358 0.0591888 6968 7504
152.42 0.0615387 7504 8040
152.482 0.0625153 8040 7504
152.483 0.000473022 7504 7142
152.485 0.00187683 7142 6030
152.485 0.000473022 6030 5896
152.545 0.0591888 5896 6030
152.606 0.0610962 6030 6432
152.789 0.18367 6432 6968
152.85 0.0606079 6968 7504
152.911 0.0615387 7504 8040
153.037 0.125458 8040 8576
153.099 0.0624847 8576 9112
153.105 0.00566101 9112 9648
153.23 0.124527 9648 9112
153.23 0.000473022 9112 8764
153.23 0.000473022 8764 8590
153.231 0.000473022 8590 8416
153.285 0.0539856 8416 8241
153.285 0.000473022 8241 8067
153.286 0.000473022 8067 7893
153.286 0.000473022 7893 7236
153.287 0.000473022 7236 6968
153.292 0.00473022 6968 7236
153.716 0.424225 7236 6432
153.72 0.00427246 6432 5896
153.777 0.0572968 5896 6432
153.782 0.00424194 6432 6700
153.784 0.00286865 6700 5896
153.846 0.061554 5896 6164
153.906 0.0596466 6164 4824
153.967 0.0615845 4824 5360
153.968 0.000457764 5360 5628
153.968 0.000488281 5628 4824
154.031 0.0629578 4824 5628
154.093 0.061554 5628 5679
154.153 0.0606232 5679 5896
154.157 0.00328064 5896 6432
154.219 0.0625153 6432 6968
154.28 0.0610657 6968 7504
154.342 0.0615387 7504 8040
154.403 0.0610809 8040 8576
154.463 0.0601501 8576 8040
154.463 0.000473022 8040 7683
154.464 0.000473022 7683 7504
154.464 0.000473022 7504 7326
154.465 0.000473022 7326 6432
154.586 0.121216 6432 6968
154.594 0.00753784 6968 7504
154.655 0.0615387 7504 8040
154.717 0.062027 8040 8576
154.779 0.0615387 8576 9112
154.84 0.0610809 9112 9648
154.901 0.0615387 9648 10184
155.207 0.305389 10184 9648
155.207 0.000473022 9648 9304
155.208 0.000473022 9304 9132
155.208 0.000473022 9132 8959
155.21 0.00140381 8959 8787
155.21 0.000473022 8787 8615
155.211 0.000473022 8615 8442
155.211 0.000473022 8442 7638
155.212 0.00141907 7638 7504
155.268 0.0558777 7504 7638
155.33 0.0615692 7638 6968
155.339 0.00898743 6968 6432
155.391 0.0525818 6432 6968
155.4 0.00895691 6968 7102
155.46 0.0596771 7102 6432
155.515 0.0545044 6432 5896
155.518 0.00331116 5896 5360
155.522 0.00376892 5360 5896
155.576 0.0544891 5896 6432
155.579 0.00328064 6432 6566
155.645 0.0658264 6566 5896
155.7 0.0549622 5896 5360
155.707 0.0065918 5360 5896
155.762 0.0549622 5896 6030
155.885 0.123123 6030 5360
155.946 0.061554 5360 5494
156.008 0.0615997 5494 4824
156.011 0.0027771 4824 4288
156.07 0.0587921 4288 4824
156.072 0.00274658 4824 4958
156.132 0.0593109 4958 4288
156.193 0.0611115 4288 3216
156.194 0.000915527 3216 3752
156.254 0.0606384 3752 4288
156.255 0.000457764 4288 4422
156.256 0.00143433 4422 3752
156.318 0.0620117 3752 3886
156.687 0.36882 3886 3959
156.749 0.061554 3959 4031
156.995 0.246185 4031 4102
157.118 0.123108 4102 3216
157.179 0.0615387 3216 3566
157.302 0.12265 3566 3646
157.363 0.0610504 3646 3724
157.365 0.00190735 3724 3801
157.426 0.0610657 3801 3876
157.488 0.061554 3876 4288
157.613 0.125443 4288 4824
157.676 0.0625153 4824 4288
157.735 0.0591888 4288 3874
157.735 0.000473022 3874 3618
157.736 0.000473022 3618 3216
157.738 0.00233459 3216 3618
157.86 0.122192 3618 2680
157.922 0.0620117 2680 3082
157.983 0.0610962 3082 3175
158.045 0.0615387 3175 3265
158.106 0.061554 3265 3352
158.168 0.0610657 3352 3437
158.229 0.0615692 3437 2680
158.291 0.0615387 2680 2901
158.354 0.0629883 2901 3000
158.415 0.0615387 3000 3095
158.477 0.061554 3095 3187
158.538 0.0615387 3187 3277
158.6 0.061554 3277 3364
158.602 0.00187683 3364 3449
158.663 0.0610809 3449 3532
158.724 0.0610657 3532 3613
158.726 0.00189209 3613 3692
158.787 0.0615692 3692 2680
158.849 0.0620117 2680 2901
158.91 0.0610962 2901 3000
158.972 0.0615387 3000 3095
159.034 0.061554 3095 3187
159.095 0.0615387 3187 3277
159.157 0.0620422 3277 2680
159.219 0.0615387 2680 2741
159.221 0.00189209 2741 2845
159.282 0.061554 2845 2945
159.344 0.061554 2945 2144
159.405 0.061554 2144 2409
159.528 0.122681 2409 1608
159.589 0.0615387 1608 1873
159.59 0.000946045 1873 2026
159.652 0.0615387 2026 2167
159.713 0.061554 2167 2299
159.714 0.000946045 2299 2423
159.776 0.0620117 2423 2541
159.838 0.0620117 2541 2654
159.839 0.000946045 2654 2762
159.9 0.0610809 2762 2866
159.962 0.0615387 2866 2966
160.024 0.061554 2966 3062
160.085 0.0615387 3062 3155
160.209 0.123627 3155 2144
160.209 0.000473022 2144 1873
160.21 0.000473022 1873 1072
160.27 0.0606079 1072 1873
160.332 0.062027 1873 2026
160.394 0.0615387 2026 2167
160.455 0.061554 2167 2299
160.456 0.000946045 2299 2423
160.517 0.0610657 2423 2541
160.518 0.000946045 2541 2654
160.579 0.0610809 2654 2762
160.58 0.000930786 2762 2866
160.642 0.062027 2866 2966
160.704 0.0615387 2966 3062
160.765 0.061554 3062 3155
160.827 0.0615387 3155 3246
160.889 0.061554 3246 3334
160.95 0.0610657 3334 3420
161.012 0.0625153 3420 2680
161.013 0.000473022 2680 2144
161.073 0.0601501 2144 1873
161.073 0.000457764 1873 1608
161.074 0.000930786 1608 1873
161.135 0.0610962 1873 2026
161.197 0.0615387 2026 2167
161.258 0.061554 2167 2299
161.32 0.0620117 2299 2423
161.382 0.062027 2423 2541
161.383 0.000930786 2541 2654
161.444 0.0610809 2654 2762
161.445 0.000946045 2762 2866
161.507 0.0620117 2866 2966
