Waf: Entering directory `/home/anon/tarball/ns-allinone-3.35/ns-3.35/build'
Waf: Leaving directory `/home/anon/tarball/ns-allinone-3.35/ns-3.35/build'
Build commands will be stored in build/compile_commands.json
'build' finished successfully (0.608s)
0.0602784 0.0602784 0 5360
0.121867 0.0615888 5360 5896
0.122811 0.000943996 5896 6432
0.123755 0.000944003 6432 6968
0.124699 0.000943996 6968 7504
0.125643 0.000943996 7504 8040
0.183413 0.0577696 8040 8576
0.18532 0.0019072 8576 8040
0.189115 0.00379519 8040 7504
0.247338 0.0582224 7504 8040
0.249264 0.00192641 8040 7504
0.250246 0.000982404 7504 6968
0.250699 0.000452787 6968 7504
0.310829 0.0601296 7504 8040
0.374301 0.063472 8040 7504
0.558466 0.184165 7504 8040
0.61952 0.0610544 8040 8576
0.681066 0.0615456 8576 9112
0.738854 0.0577888 9112 8576
0.739326 0.000472009 8576 8294
0.739798 0.000472009 8294 7504
0.861531 0.121733 7504 6968
0.984642 0.12311 6968 6432
1.05472 0.07008 6432 5896
1.11487 0.0601488 5896 5360
1.11629 0.00141597 5360 5896
1.24034 0.124054 5896 5360
1.36345 0.12311 5360 5896
1.42454 0.0610927 5896 6432
1.48129 0.0567489 6432 5896
1.48176 0.00047195 5896 5360
1.54862 0.0668528 5360 4824
1.67173 0.12311 4824 5360
1.73327 0.0615456 5360 5896
1.85589 0.122619 5896 6432
1.98184 0.125942 6432 5896
1.98231 0.00047195 5896 5514
1.98278 0.00047195 5514 4824
2.04151 0.0587329 4824 4288
2.04387 0.00236011 4288 4824
2.16415 0.120278 4824 5360
2.29102 0.126867 5360 5896
2.35209 0.0610738 5896 6432
2.41411 0.0620174 6432 6968
2.41649 0.00237918 6968 6432
2.41696 0.000472069 6432 6057
2.47379 0.0568256 6057 5870
2.47426 0.000472069 5870 5226
2.47473 0.00047183 5226 4824
2.4776 0.00287056 4824 4288
2.47852 0.000924587 4288 5226
2.53629 0.0577698 5226 4824
2.53915 0.00285125 4824 5226
2.66082 0.121675 5226 4288
2.72284 0.0620177 4288 4690
2.78725 0.0644159 4690 4288
2.78773 0.000472069 4288 4154
2.84502 0.0572977 4154 3752
2.84833 0.003304 3752 4154
2.90753 0.0592046 4154 4223
2.96908 0.0615456 4223 4291
3.15653 0.18745 4291 4824
3.2176 0.0610735 4824 5360
3.27915 0.0615456 5360 5896
3.40177 0.122619 5896 6432
3.46664 0.0648689 6432 5896
3.46711 0.000472069 5896 5514
3.52393 0.0568254 5514 4824
3.58929 0.0653601 4824 4288
3.7124 0.123111 4288 4824
3.77346 0.0610542 4824 5360
3.835 0.0615456 5360 5896
3.83784 0.00283217 5896 6432
3.9008 0.0629616 6432 6968
3.96187 0.0610735 6968 7504
4.0206 0.0587327 7504 6968
4.02108 0.000472069 6968 6600
4.02155 0.000472069 6600 6416
4.02202 0.000472069 6416 5628
4.02249 0.000471592 5628 5360
4.02629 0.00379562 5360 4824
4.08217 0.0558815 4824 5628
4.08406 0.0018878 5628 5360
4.08596 0.00190735 5360 4824
4.08785 0.0018878 4824 5628
4.14562 0.0577698 5628 5360
4.14658 0.000963211 5360 5092
4.14706 0.000472069 5092 4824
4.14751 0.000452518 4824 5092
4.14894 0.00143528 5092 4824
4.20575 0.0568066 4824 5092
4.2673 0.0615454 5092 5360
4.32886 0.0615649 5360 4824
4.39658 0.0677199 4824 5360
4.45813 0.0615458 5360 5896
4.51918 0.0610542 5896 6432
4.58073 0.0615458 6432 6968
4.64324 0.0625086 6968 5896
4.64371 0.000472069 5896 5521
4.64465 0.000944138 5521 5226
4.64512 0.000471592 5226 4824
4.7048 0.0596771 4824 5226
4.76682 0.0620174 5226 5360
4.82836 0.0615458 5360 5896
4.89416 0.0657935 5896 6432
5.01678 0.122619 6432 6968
5.07785 0.0610733 6968 7504
5.1394 0.0615458 7504 8040
5.26201 0.122619 8040 8576
5.26534 0.00332308 8576 8040
5.26581 0.000472069 8040 7683
5.26628 0.000472069 7683 7504
5.26675 0.000472069 7504 7326
5.26723 0.000472069 7326 6432
5.32407 0.0568447 6432 5896
5.32647 0.00239849 5896 5360
5.32739 0.000924587 5360 6432
5.44628 0.118882 6432 5896
5.5135 0.0672288 5896 6432
5.57505 0.0615454 6432 6968
5.63425 0.0592051 6968 6432
5.63473 0.000472069 6432 5896
5.75735 0.122619 5896 6432
5.94295 0.1856 6432 5896
6.12807 0.185128 5896 6432
6.18917 0.0610929 6432 5896
6.3118 0.122638 5896 6432
6.43914 0.127339 6432 6968
6.50022 0.0610733 6968 7504
6.56176 0.0615458 7504 8040
6.6844 0.122638 8040 7504
6.68487 0.000472069 7504 7142
6.68535 0.000472069 7142 6961
6.68582 0.000472069 6961 6030
6.68676 0.000943661 6030 5896
6.74408 0.0573173 5896 5360
6.74597 0.0018878 5360 6030
6.74833 0.00235987 6030 5896
6.80562 0.0572977 5896 6030
6.8118 0.00617456 6030 5360
6.86864 0.0568447 5360 4824
6.87338 0.00473928 4824 5360
6.93023 0.0568447 5360 4824
6.93068 0.000452518 4824 5360
6.99177 0.0610929 5360 5494
7.05334 0.0615649 5494 5896
7.05945 0.00611687 5896 6432
7.121 0.0615454 6432 6968
7.17834 0.0573363 6968 6432
7.17881 0.000472069 6432 6093
7.17928 0.000471592 6093 5494
7.18115 0.0018692 5494 5360
7.23988 0.0587325 5360 5494
7.30145 0.0615649 5494 5896
7.36252 0.0610738 5896 6432
7.36958 0.00706053 6432 5896
7.42408 0.0545039 5896 5494
7.42456 0.000472069 5494 5360
7.4316 0.00704145 5360 5494
7.49318 0.061584 5494 4824
7.55473 0.0615458 4824 4958
7.61582 0.0610929 4958 5360
7.73746 0.121637 5360 5896
7.79668 0.0592237 5896 6432
7.85823 0.0615458 6432 6968
7.98179 0.123563 6968 7504
7.98653 0.00473928 7504 6600
7.987 0.000471592 6600 6416
7.98747 0.000472069 6416 5628
8.04336 0.0558815 5628 5360
8.23092 0.187565 5360 4824
8.23139 0.000472069 4824 4288
8.2925 0.0611124 4288 4824
8.29296 0.000452042 4824 5360
8.5975 0.30454 5360 4824
8.65906 0.0615644 4824 5360
8.78652 0.127455 5360 4824
8.84808 0.0615644 4824 5360
8.98368 0.135599 5360 536
9.30677 0.323091 536 1072
9.36879 0.0620174 1072 1608
9.63128 0.26249 1608 2144
9.69329 0.0620174 2144 2680
9.69424 0.000944138 2680 3216
9.75531 0.0610733 3216 3752
9.75626 0.000944138 3752 4288
9.7572 0.000944138 4288 4824
9.81971 0.0625086 4824 3752
9.88127 0.0615644 3752 4288
10.0048 0.123564 4288 4355
10.1279 0.123091 4355 4824
10.1895 0.0615654 4824 4288
10.252 0.0625086 4288 3752
10.3135 0.0615454 3752 4288
10.3746 0.0610933 4288 4824
10.3775 0.00285053 4824 5360
10.4395 0.0619984 5360 5896
10.5015 0.0620174 5896 6432
10.5631 0.0615463 6432 6968
10.6847 0.121675 6968 7504
10.6866 0.00190735 7504 6968
10.6871 0.000472069 6968 6600
10.689 0.00190735 6600 6416
10.6895 0.000472069 6416 5628
10.69 0.000472069 5628 4824
10.7487 0.0586939 4824 5628
10.8704 0.121714 5628 4824
10.9319 0.0615463 4824 5092
10.993 0.0610924 5092 5360
11.1161 0.123111 5360 4824
11.1829 0.0667372 4824 3752
11.2454 0.0625086 3752 4288
11.4301 0.184714 4288 3752
11.4916 0.0615644 3752 4288
12.1781 0.686493 4288 536
12.5012 0.323091 536 1072
12.5632 0.0620184 1072 1608
12.6253 0.0620174 1608 2144
12.6868 0.0615454 2144 2680
12.6877 0.000944138 2680 3216
12.7488 0.0610733 3216 3752
12.7498 0.000944138 3752 3828
12.8118 0.0620174 3828 3903
12.9363 0.124527 3903 3216
12.9983 0.0620174 3216 3367
13.121 0.122638 3367 3452
13.1815 0.0605831 3452 3535
13.1839 0.00237846 3535 3616
13.245 0.0610743 3616 3695
13.3056 0.0605822 3695 3772
13.308 0.00237942 3772 3848
13.3695 0.0615644 3848 3216
13.4311 0.0615454 3216 3312
13.4926 0.0615654 3312 2680
13.5542 0.0615454 2680 2776
13.6143 0.0601492 2776 2879
13.6759 0.0615454 2879 2978
13.7374 0.0615454 2978 3074
13.799 0.0615454 3074 3167
13.8605 0.0615463 3167 3257
13.9221 0.0615454 3257 3345
13.9258 0.00375652 3345 3430
13.985 0.0592051 3430 3513
14.0461 0.0610733 3513 3594
14.0499 0.00375652 3594 3673
14.1091 0.0592051 3673 3751
14.1701 0.0610733 3751 3827
14.1739 0.00377655 3827 3216
14.2322 0.05828 3216 2776
14.2327 0.000472069 2776 2680
14.2331 0.000472069 2680 2144
14.2355 0.00234032 2144 2776
14.3562 0.12075 2776 2879
14.4178 0.0615454 2879 2978
14.4793 0.0615463 2978 3074
14.5409 0.0615454 3074 3167
14.6024 0.0615454 3167 3257
14.664 0.0615454 3257 3345
14.6658 0.00188828 3345 3430
14.7269 0.0610733 3430 3513
14.788 0.0610743 3513 3594
14.7899 0.00188732 3594 3673
14.912 0.122167 3673 3216
14.9135 0.00143528 3216 2776
14.9139 0.000472069 2776 2680
14.9731 0.0591669 2680 2776
14.976 0.00285053 2776 2879
15.0375 0.0615463 2879 2978
15.0991 0.0615454 2978 3074
15.1606 0.0615454 3074 3167
15.2221 0.0615454 3167 3257
15.2837 0.0615454 3257 3345
15.3438 0.060111 3345 3430
15.3457 0.00190735 3430 3513
15.4068 0.0610542 3513 3594
15.4678 0.0610733 3594 3673
15.4697 0.00190735 3673 3751
15.5318 0.0620174 3751 3827
15.5943 0.0625086 3827 3216
15.5947 0.000472069 3216 2776
15.5952 0.000472069 2776 2680
15.6563 0.0610743 2680 2776
15.7174 0.0610924 2776 2879
15.7789 0.0615454 2879 2978
15.8405 0.0615454 2978 3074
15.9626 0.122148 3074 3167
16.0242 0.0615454 3167 3257
16.0857 0.0615463 3257 3345
16.0876 0.00188828 3345 3430
16.1487 0.0610733 3430 3513
16.2097 0.0610733 3513 3594
16.2116 0.00188828 3594 3673
16.2727 0.0610733 3673 3751
16.3347 0.0620365 3751 2680
16.3963 0.0615654 2680 2776
16.3968 0.000471115 2776 2680
16.3973 0.000473022 2680 2144
16.4588 0.0615635 2144 2776
16.5204 0.0615845 2776 2144
16.5819 0.0615463 2144 2240
16.6435 0.0615635 2240 2368
16.7046 0.0610752 2368 2489
16.7055 0.000944138 2489 2604
16.7666 0.0610733 2604 2714
16.8291 0.0625076 2714 2144
17.137 0.307863 2144 1608
17.1985 0.0615654 1608 2144
17.7666 0.568064 2144 536
18.0897 0.323092 536 1072
18.1517 0.0620174 1072 1608
18.1517 0 1608 1786
18.2137 0.0620174 1786 1946
18.2753 0.0615444 1946 2093
18.3368 0.0615463 2093 2230
18.3984 0.0615463 2230 2358
18.3993 0.00094223 2358 2479
18.4604 0.0610752 2479 2594
18.4613 0.000944138 2594 2704
18.5224 0.0610733 2704 2810
18.5839 0.0615444 2810 2912
18.6455 0.0615463 2912 3010
18.707 0.0615463 3010 3105
18.7686 0.0615635 3105 2144
18.7691 0.000473022 2144 1608
18.8316 0.0625076 1608 1786
18.8931 0.0615463 1786 1946
18.9547 0.0615463 1946 2093
19.0162 0.0615444 2093 2230
19.0778 0.0615463 2230 2358
19.0787 0.000944138 2358 2479
19.1398 0.0610733 2479 2594
19.1407 0.000944138 2594 2704
19.2018 0.0610733 2704 2810
19.2633 0.0615463 2810 2912
19.3249 0.0615444 2912 3010
19.3865 0.0615654 3010 2144
19.3869 0.000471115 2144 1608
19.4494 0.0625095 1608 1786
19.511 0.0615463 1786 1946
19.5725 0.0615444 1946 2093
19.6341 0.0615463 2093 2230
19.7577 0.123602 2230 1608
19.8202 0.0624886 1608 1786
19.8817 0.0615463 1786 1946
19.9433 0.0615444 1946 2093
20.0048 0.0615463 2093 2230
20.0664 0.0615463 2230 2358
20.0673 0.000944138 2358 2479
20.1284 0.0610733 2479 2594
20.1904 0.0620365 2594 1608
20.313 0.122639 1608 1786
20.3746 0.0615444 1786 1946
20.4361 0.0615463 1946 2093
20.4977 0.0615463 2093 2230
20.5592 0.0615444 2230 2358
20.5602 0.000944138 2358 2479
20.6212 0.0610733 2479 2594
20.6222 0.000944138 2594 2704
20.6833 0.0610733 2704 2810
20.7448 0.0615463 2810 2912
20.8064 0.0615463 2912 3010
20.8679 0.0615444 3010 3105
20.9294 0.0615463 3105 3197
20.991 0.0615463 3197 3286
21.0525 0.0615444 3286 3373
21.0544 0.00188828 3373 3458
21.1155 0.0610733 3458 3541
21.1766 0.0610733 3541 3622
21.1785 0.00188828 3622 3701
21.2395 0.0610733 3701 3778
21.3006 0.0610733 3778 3854
21.3622 0.0615463 3854 4288
21.5487 0.186525 4288 4824
21.6107 0.0620174 4824 5360
21.6722 0.0615463 5360 5896
21.738 0.0657921 5896 6432
21.8607 0.12262 6432 6968
21.9217 0.0610733 6968 7504
21.9847 0.0629807 7504 6968
21.9852 0.000473022 6968 6600
21.9856 0.000471115 6600 6416
21.9861 0.000473022 6416 5628
21.9866 0.000471115 5628 5360
22.0467 0.0601292 5360 5628
22.1088 0.0620575 5628 4824
22.1703 0.0615444 4824 5092
22.2314 0.0610924 5092 5360
22.293 0.0615463 5360 5896
22.4146 0.121637 5896 6432
22.5406 0.12598 6432 5360
22.5411 0.000471115 5360 5092
22.5415 0.000473022 5092 4824
22.6021 0.0606213 4824 5092
22.6637 0.0615444 5092 5360
22.7233 0.0596199 5360 4824
22.7257 0.00243759 4824 4288
22.7849 0.0591278 4288 4824
22.91 0.125074 4824 4288
23.0331 0.12311 4288 3752
23.1585 0.125471 3752 3216
23.2816 0.12311 3216 3752
23.3418 0.0601311 3752 3828
23.4033 0.0615444 3828 3903
23.4649 0.0615463 3903 3976
23.5264 0.0615444 3976 4288
23.588 0.0615463 4288 4355
23.5898 0.00188828 4355 4420
23.7129 0.123091 4420 4824
23.7754 0.0625095 4824 4288
23.7759 0.000471115 4288 3874
23.7764 0.000473022 3874 3618
23.7769 0.000471115 3618 3216
23.8375 0.0606022 3216 3618
23.899 0.0615635 3618 3752
23.9601 0.0610752 3752 3828
24.0216 0.0615444 3828 4288
24.0832 0.0615463 4288 4355
24.0851 0.00188828 4355 4420
24.1476 0.0625076 4420 3618
24.2068 0.059206 3618 3216
24.2078 0.000963211 3216 2680
24.2092 0.00139618 2680 3618
24.2684 0.0592041 3618 3216
24.2693 0.000944138 3216 3618
24.3308 0.0615463 3618 3752
24.3919 0.0610733 3752 3828
24.4535 0.0615463 3828 4288
24.5789 0.125469 4288 3752
24.5794 0.000473022 3752 3618
24.5799 0.000471115 3618 3216
24.6405 0.0606022 3216 3618
24.7021 0.0615845 3618 2680
24.7636 0.0615444 2680 3082
24.8247 0.0610943 3082 3175
24.9473 0.122599 3175 2144
25.0088 0.0615463 2144 2639
25.0704 0.0615654 2639 2747
25.0723 0.00192642 2747 2851
25.1339 0.0615444 2851 2951
25.256 0.122128 2951 2144
25.3176 0.0615463 2144 2415
25.3791 0.0615654 2415 2533
25.3815 0.00239754 2533 2646
25.4411 0.0596199 2646 2754
25.5036 0.0625076 2754 2144
25.5657 0.0620193 2144 2218
26.5657 1 2218 536
26.8888 0.32309 536 1072
26.9508 0.0620174 1072 1608
27.0128 0.0620193 1608 2144
27.0128 0 2144 2278
27.0743 0.0615444 2278 2404
27.0753 0.000944138 2404 2523
27.1364 0.0610733 2523 2636
27.1373 0.000944138 2636 2744
27.1984 0.0610733 2744 2848
27.2599 0.0615463 2848 2948
27.3215 0.0615463 2948 3045
27.383 0.0615444 3045 3139
27.4446 0.0615463 3139 3230
27.5071 0.0625267 3230 2680
27.5076 0.000492096 2680 2144
27.508 0.000471115 2144 1608
27.5686 0.0606022 1608 1682
27.6302 0.0615463 1682 1852
27.6917 0.0615444 1852 2007
27.7533 0.0615463 2007 2150
27.8148 0.0615463 2150 2283
27.8158 0.000944138 2283 2408
27.8768 0.0610733 2408 2527
27.8778 0.000944138 2527 2640
27.9389 0.0610733 2640 2748
27.9398 0.000944138 2748 2852
28.0629 0.12311 2852 2680
28.0634 0.000492096 2680 2144
28.124 0.0605812 2144 1682
28.1855 0.0615463 1682 1852
28.2471 0.0615444 1852 2007
28.3086 0.0615463 2007 2150
28.3702 0.0615463 2150 2283
28.3711 0.000944138 2283 2408
28.4322 0.0610733 2408 2527
28.4331 0.000944138 2527 2640
28.4952 0.0620365 2640 1608
28.5567 0.0615444 1608 1682
28.6178 0.0610943 1682 1852
28.6794 0.0615444 1852 2007
28.7409 0.0615463 2007 2150
28.8645 0.123602 2150 1608
28.9261 0.0615444 1608 1614
28.927 0.000944138 1614 1792
28.9885 0.0615463 1792 1952
29.0501 0.0615463 1952 2099
29.1116 0.0615444 2099 2235
29.1732 0.0615463 2235 2363
29.1741 0.000944138 2363 2484
29.2352 0.0610733 2484 2599
29.2361 0.000944138 2599 2709
29.2972 0.0610733 2709 2815
29.3588 0.0615463 2815 2917
29.4203 0.0615635 2917 2144
29.4213 0.000982285 2144 1614
29.4218 0.000473022 1614 1608
29.4819 0.0601101 1608 1614
29.4833 0.0014534 1614 1072
29.5449 0.0615463 1072 1614
29.6064 0.0615463 1614 1792
29.668 0.0615444 1792 1952
29.7295 0.0615463 1952 2099
29.7911 0.0615463 2099 2235
29.8526 0.0615444 2235 2363
29.8536 0.000944138 2363 2484
29.9146 0.0610733 2484 2599
30.0378 0.123131 2599 1608
30.0993 0.0615444 1608 1614
30.1003 0.000944138 1614 1792
30.1618 0.0615463 1792 1952
30.2233 0.0615444 1952 2099
30.2849 0.0615463 2099 2235
30.3464 0.0615463 2235 2363
30.3474 0.000944138 2363 2484
30.4085 0.0610733 2484 2599
30.4094 0.000944138 2599 2709
30.4705 0.0610733 2709 2815
30.5325 0.0620365 2815 2680
30.5335 0.000963211 2680 2144
30.5339 0.000471115 2144 1614
30.5945 0.0605831 1614 1792
30.6561 0.0615463 1792 1952
30.7176 0.0615444 1952 2099
30.7792 0.0615463 2099 2235
30.8417 0.0625095 2235 1608
30.9032 0.0615444 1608 1614
30.9643 0.0610924 1614 1792
31.0259 0.0615463 1792 1952
31.0874 0.0615463 1952 2099
31.2115 0.124073 2099 1072
31.273 0.0615463 1072 1563
31.3346 0.0615635 1563 1746
31.3966 0.0620174 1746 1910
31.4581 0.0615463 1910 2060
31.5822 0.124073 2060 1072
31.6438 0.0615463 1072 1524
31.7053 0.0615654 1524 1712
31.7674 0.0620174 1712 1879
31.8289 0.0615444 1879 2031
31.8904 0.0615463 2031 2172
31.952 0.0615444 2172 2304
31.9529 0.000944138 2304 2428
32.014 0.0610733 2428 2546
32.076 0.0620384 2546 1608
32.0765 0.000492096 1608 1524
33.1376 1.06105 1524 536
33.3991 0.261543 536 1072
33.4612 0.0620193 1072 1340
33.5232 0.0620155 1340 1554
33.5852 0.0620193 1554 1738
33.6472 0.0620155 1738 1903
33.7087 0.0615463 1903 2053
33.7703 0.0615463 2053 2192
33.8318 0.0615463 2192 2323
33.8328 0.00094223 2323 2446
33.8948 0.0620384 2446 1608
33.9554 0.0606194 1608 1072
34.0179 0.0624924 1072 1340
34.0799 0.0620155 1340 1554
34.142 0.0620193 1554 1738
34.204 0.0620155 1738 1903
34.3271 0.123131 1903 1072
34.4502 0.123089 1072 1340
34.5122 0.0620193 1340 1554
34.5742 0.0620193 1554 1738
34.6363 0.0620155 1738 1903
34.6978 0.0615463 1903 2053
34.7593 0.0615463 2053 2192
34.8209 0.0615463 2192 2323
34.8218 0.00094223 2323 2446
34.8829 0.0610733 2446 2563
34.8839 0.000946045 2563 2675
34.9449 0.0610733 2675 2782
34.9459 0.00094223 2782 2885
35.0079 0.0620193 2885 2984
35.0694 0.0615425 2984 3080
35.131 0.0615463 3080 3173
35.1925 0.0615463 3173 3263
35.2541 0.0615463 3263 3351
35.3151 0.0610733 3351 3436
35.317 0.00188828 3436 3519
35.3781 0.0610733 3519 3600
35.4392 0.0610733 3600 3679
35.4401 0.00094223 3679 3757
35.5021 0.0620193 3757 3833
35.5637 0.0615463 3833 4288
35.6891 0.12545 4288 4824
35.7502 0.0610733 4824 5360
35.8118 0.0615463 5360 5896
35.8743 0.0625076 5896 5360
35.8747 0.000473022 5360 4969
35.8752 0.000473022 4969 4422
35.8757 0.000473022 4422 4288
35.9363 0.0606003 4288 4422
35.9979 0.0615654 4422 4824
36.1191 0.12122 4824 4288
36.1195 0.000473022 4288 3752
36.1806 0.0610924 3752 4288
36.2431 0.0624924 4288 4824
36.3047 0.0615616 4824 4288
36.4893 0.184658 4288 4824
36.4926 0.00328445 4824 5360
36.5542 0.0615654 5360 5896
36.6153 0.0610733 5896 6432
36.6768 0.0615463 6432 6968
36.7393 0.0625076 6968 6432
36.7398 0.000473022 6432 6057
36.7403 0.000469208 6057 5870
36.7407 0.000473022 5870 5226
36.7412 0.000473022 5226 4824
37.4762 0.735001 4824 4288
37.5378 0.0615654 4288 4824
37.7369 0.199165 4824 536
38.06 0.323093 536 1072
38.1221 0.0620155 1072 1608
38.1841 0.0620193 1608 2144
38.2456 0.0615463 2144 2680
38.2466 0.00094223 2680 3216
38.3076 0.0610733 3216 3752
38.3086 0.000946045 3752 4288
38.3086 0 4288 4355
38.3706 0.0620346 4355 3752
38.4331 0.0624886 3752 3819
38.4937 0.0606422 3819 3216
38.5558 0.0620155 3216 3283
38.6789 0.123112 3283 3370
38.6808 0.00188828 3370 3455
38.7418 0.0610733 3455 3538
38.8029 0.0610733 3538 3619
38.8048 0.00188828 3619 3698
38.8659 0.0610733 3698 3775
38.9269 0.0610733 3775 3851
38.9885 0.0615463 3851 4288
39.0501 0.0615654 4288 3752
39.0505 0.000473022 3752 3283
39.051 0.000469208 3283 3216
39.1116 0.0606041 3216 3283
39.1731 0.0615425 3283 3752
39.1765 0.00330734 3752 3828
39.238 0.0615425 3828 4288
39.3602 0.122169 4288 3752
39.3611 0.00094223 3752 3283
39.3621 0.000965118 3283 3216
39.4203 0.0582581 3216 2680
39.4217 0.00139618 2680 3283
39.4236 0.00190735 3283 3216
39.4819 0.0582428 3216 3283
39.5434 0.0615463 3283 3752
39.5472 0.00377655 3752 3828
39.6087 0.0615463 3828 4288
39.791 0.182274 4288 4824
39.7953 0.00424957 4824 5360
39.8568 0.0615463 5360 5896
39.9179 0.0610733 5896 6432
39.9794 0.0615463 6432 6968
40.0424 0.0629807 6968 6432
40.0429 0.000469208 6432 6057
40.0434 0.000473022 6057 5870
40.0438 0.000473022 5870 5226
40.0443 0.000473022 5226 4824
40.104 0.0596542 4824 5226
40.1679 0.0639267 5226 4288
40.2294 0.0615463 4288 4690
40.291 0.0615463 4690 4824
40.3502 0.0592232 4824 5360
40.4117 0.0615463 5360 5896
40.5334 0.121655 5896 5360
40.5339 0.000473022 5360 5010
40.5343 0.000469208 5010 4690
40.5348 0.000473022 4690 4288
40.5949 0.0601311 4288 4690
40.6565 0.0615463 4690 4824
40.7232 0.0667572 4824 5360
40.7834 0.0601654 5360 4824
40.7848 0.00139618 4824 4690
40.7853 0.000473022 4690 4288
40.8454 0.0601501 4288 4690
40.9075 0.0620346 4690 4824
40.9685 0.0610733 4824 5360
41.0301 0.0615463 5360 5896
41.0325 0.00238037 5896 5360
41.0329 0.000473022 5360 5010
41.0888 0.0558243 5010 4690
41.0892 0.000469208 4690 4288
41.0945 0.00524902 4288 4690
41.1561 0.0615654 4690 4824
41.2186 0.0625114 4824 4288
41.3388 0.120258 4288 3752
41.4004 0.0615463 3752 4288
41.4615 0.0610924 4288 4824
41.5268 0.0653572 4824 5360
41.5893 0.0625114 5360 4288
41.7124 0.123089 4288 4824
41.773 0.060585 4824 5360
41.8345 0.0615463 5360 5896
41.8947 0.0601273 5896 5360
41.8951 0.000473022 5360 4969
41.8956 0.000473022 4969 4422
41.8961 0.000488281 4422 4288
41.8985 0.00238037 4288 3752
41.9562 0.0577507 3752 4422
41.9577 0.00143433 4422 4288
41.96 0.0023613 4288 4422
42.0216 0.0615654 4422 4824
42.0827 0.0610733 4824 5360
42.2062 0.123562 5360 5896
42.2663 0.060112 5896 6432
42.3279 0.0615463 6432 6968
42.3885 0.0606194 6968 6432
42.389 0.000473022 6432 6057
42.3895 0.000469208 6057 5870
42.3899 0.000473022 5870 5226
42.3904 0.000473022 5226 4824
42.4501 0.0596581 4824 5226
42.4558 0.00570297 5226 5360
42.5154 0.0596542 5360 4824
42.6385 0.123093 4824 5360
42.8246 0.186073 5360 4824
42.9486 0.124054 4824 5360
43.1338 0.185127 5360 4824
43.2569 0.123112 4824 5360
43.3842 0.127357 5360 4824
43.5069 0.122639 4824 5360
43.6295 0.122601 5360 5896
43.6905 0.0610733 5896 6432
43.7521 0.0615463 6432 6968
43.7545 0.00237656 6968 6432
43.7549 0.000473022 6432 6057
43.7554 0.000473022 6057 5870
43.7559 0.000473022 5870 5226
43.8118 0.0558815 5226 4824
43.8165 0.00471878 4824 5226
43.8776 0.0610924 5226 5360
44.0002 0.12262 5360 5896
44.0613 0.0610542 5896 6432
44.1228 0.0615463 6432 6968
44.2445 0.121674 6968 7504
44.2497 0.00521088 7504 6968
44.2502 0.000473022 6968 6600
44.2506 0.000473022 6600 6416
44.306 0.0554085 6416 5628
44.3065 0.000473022 5628 5360
44.3117 0.0051918 5360 5628
44.3733 0.0615654 5628 5896
44.4343 0.0610733 5896 6432
44.4959 0.0615425 6432 6968
44.618 0.122131 6968 7504
44.8036 0.1856 7504 6968
44.8046 0.000961304 6968 6600
44.8051 0.000473022 6600 6416
44.8055 0.000469208 6416 5360
44.8657 0.0601311 5360 5628
44.9286 0.0629616 5628 5896
44.9888 0.0601501 5896 6432
45.0503 0.0615463 6432 6968
45.1123 0.0620346 6968 6432
45.1128 0.000473022 6432 6111
45.1133 0.000473022 6111 5628
45.1138 0.000469208 5628 5360
45.1739 0.0601311 5360 5628
45.2359 0.0620384 5628 5896
45.3585 0.122616 5896 6432
45.3623 0.00375748 6432 5896
45.3628 0.000473022 5896 5628
45.4182 0.0554085 5628 5360
45.4243 0.00615692 5360 5628
45.5418 0.117428 5628 4824
45.6033 0.0615425 4824 5092
45.6095 0.00619507 5092 5360
45.6711 0.0615463 5360 5896
45.7321 0.0610733 5896 6432
45.7904 0.0582428 6432 5896
45.7908 0.000469208 5896 5552
45.7937 0.00285339 5552 5092
45.7942 0.000473022 5092 4824
45.8562 0.0620155 4824 5092
45.859 0.00283051 5092 5360
45.921 0.0620193 5360 5896
45.984 0.0629616 5896 6432
46.0456 0.0615654 6432 5896
46.046 0.000473022 5896 5552
46.047 0.00094223 5552 5092
46.0474 0.000473022 5092 4824
46.1071 0.0596581 4824 5092
46.1673 0.0601463 5092 5360
46.2288 0.0615463 5360 5896
46.3505 0.121658 5896 6432
46.4797 0.129227 6432 6968
46.5394 0.0596771 6968 7504
46.6009 0.0615425 7504 8040
46.725 0.124054 8040 7638
46.7254 0.000473022 7638 7437
46.7259 0.000473022 7437 7236
46.7268 0.000923157 7236 7035
46.7273 0.000473022 7035 6834
46.7278 0.000473022 6834 6030
46.7282 0.000473022 6030 5896
46.7856 0.0573158 5896 6030
46.8447 0.059185 6030 5360
46.9063 0.0615463 5360 5494
46.9678 0.0615463 5494 5896
47.0308 0.0629997 5896 5360
47.1539 0.123089 5360 5896
47.2765 0.12262 5896 6432
47.3395 0.0629807 6432 5896
47.34 0.000473022 5896 5360
47.3438 0.00379562 5360 4824
47.4016 0.0577698 4824 5360
47.5876 0.186069 5360 5896
47.6487 0.0610771 5896 6432
47.6511 0.00237656 6432 5896
47.6525 0.00139618 5896 5360
47.8357 0.183262 5360 5896
47.8968 0.0610542 5896 6432
47.9583 0.0615463 6432 6968
48.081 0.122616 6968 7504
48.0848 0.00379562 7504 6968
48.0852 0.000473022 6968 6600
48.0857 0.000473022 6600 6416
48.1421 0.0563736 6416 5628
48.1425 0.000469208 5628 5360
48.143 0.000473022 5360 4824
48.1463 0.00330353 4824 5628
48.2041 0.0577888 5628 5360
48.2046 0.000453949 5360 5628
48.2065 0.00192642 5628 4824
48.2671 0.0606194 4824 4288
48.2681 0.000946045 4288 4824
48.3287 0.0606003 4824 5092
48.3893 0.0606194 5092 5360
48.4508 0.0615463 5360 5896
48.5166 0.0657959 5896 6432
48.6392 0.12262 6432 6968
48.7003 0.0610733 6968 7504
48.7619 0.0615616 7504 6968
48.7623 0.000473022 6968 6600
48.7628 0.000473022 6600 6416
48.7633 0.000473022 6416 5628
48.7638 0.000469208 5628 5360
48.8234 0.0596581 5360 5628
48.8855 0.0620575 5628 4288
48.9475 0.0620346 4288 4824
49.135 0.187527 4824 4288
49.1966 0.0615654 4288 4824
49.6849 0.488308 4824 4288
49.7465 0.0615654 4288 4824
49.9475 0.201035 4824 536
50.2706 0.323093 536 1072
50.3326 0.0620155 1072 1608
50.4562 0.123604 1608 1072
50.5793 0.123089 1072 1340
50.6413 0.0620193 1340 1554
50.7034 0.0620193 1554 1738
50.7654 0.0620155 1738 1903
50.8269 0.0615463 1903 2053
50.8885 0.0615463 2053 2192
50.95 0.0615425 2192 2323
50.951 0.000946045 2323 2446
51.012 0.0610733 2446 2563
51.074 0.0620193 2563 2675
51.1361 0.0620155 2675 2782
51.137 0.000946045 2782 2885
51.2606 0.1236 2885 2680
51.3217 0.0610542 2680 2144
51.3226 0.00094223 2144 1608
51.3235 0.000946045 1608 1072
51.3841 0.0606003 1072 1340
51.4462 0.0620193 1340 1554
51.5082 0.0620155 1554 1738
51.5702 0.0620193 1738 1903
51.6317 0.0615463 1903 2053
51.6933 0.0615463 2053 2192
51.7548 0.0615425 2192 2323
51.7558 0.000946045 2323 2446
51.8169 0.0610733 2446 2563
51.8178 0.00094223 2563 2675
51.8789 0.0610733 2675 2782
51.8798 0.000946045 2782 2885
51.9418 0.0620155 2885 2984
52.0034 0.0615463 2984 3080
52.0649 0.0615463 3080 3173
52.1265 0.0615463 3173 3263
52.188 0.0615463 3263 3351
52.2491 0.0610733 3351 3436
52.3116 0.0625076 3436 2680
52.3121 0.000473022 2680 2144
52.3722 0.0601463 2144 1608
52.3727 0.000473022 1608 1072
52.4352 0.0624886 1072 1340
52.4972 0.0620193 1340 1554
52.5592 0.0620193 1554 1738
52.6212 0.0620155 1738 1903
52.6828 0.0615463 1903 2053
52.7443 0.0615463 2053 2192
52.8059 0.0615463 2192 2323
52.8068 0.00094223 2323 2446
52.8679 0.0610733 2446 2563
52.8688 0.000946045 2563 2675
52.9299 0.0610733 2675 2782
52.9924 0.0625076 2782 2144
53.053 0.0606194 2144 1608
53.0535 0.000473022 1608 1072
53.116 0.0624886 1072 1340
53.3775 0.261547 1340 1554
53.5622 0.184692 1554 536
53.6238 0.0615463 536 1072
53.6238 0 1072 1340
53.6858 0.0620193 1340 1554
53.7478 0.0620155 1554 1738
53.8714 0.123604 1738 1072
54.1177 0.246239 1072 536
54.1792 0.0615463 536 1072
54.1792 0 1072 1340
54.2412 0.0620155 1340 1554
54.3032 0.0620193 1554 1738
54.3653 0.0620193 1738 1903
54.4268 0.0615425 1903 2053
54.4884 0.0615463 2053 2192
54.5499 0.0615463 2192 2323
54.5508 0.00094223 2323 2446
54.6129 0.0620384 2446 1608
54.6735 0.0606194 1608 1072
54.736 0.0624924 1072 1340
54.798 0.0620155 1340 1554
54.86 0.0620193 1554 1738
54.922 0.0620155 1738 1903
54.9836 0.0615463 1903 2053
55.0451 0.0615463 2053 2192
55.1067 0.0615463 2192 2323
55.1692 0.0625267 2323 2144
55.2303 0.0610542 2144 1608
55.2312 0.000946045 1608 1072
55.2918 0.0606003 1072 1340
55.3538 0.0620155 1340 1554
55.4158 0.0620193 1554 1738
55.4779 0.0620193 1738 1903
55.5394 0.0615425 1903 2053
55.6009 0.0615463 2053 2192
55.6625 0.0615463 2192 2323
55.6634 0.00094223 2323 2446
55.7255 0.0620384 2446 1608
55.7861 0.0606194 1608 1072
55.8486 0.0624924 1072 1340
55.9106 0.0620155 1340 1554
55.9726 0.0620193 1554 1738
56.0346 0.0620155 1738 1903
56.0962 0.0615463 1903 2053
56.1577 0.0615463 2053 2192
56.2193 0.0615463 2192 2323
56.2202 0.00094223 2323 2446
56.2813 0.0610733 2446 2563
56.2822 0.000946045 2563 2675
56.3433 0.0610733 2675 2782
56.3443 0.00094223 2782 2885
56.4063 0.0620193 2885 2984
56.4678 0.0615463 2984 3080
56.5294 0.0615425 3080 3173
56.652 0.122639 3173 2144
56.653 0.000965118 2144 1608
56.6534 0.000473022 1608 1072
56.7751 0.121674 1072 1340
56.8371 0.0620193 1340 1554
57.8371 1 1554 536
58.1602 0.32309 536 1072
58.2222 0.0620155 1072 1340
58.2843 0.0620193 1340 1554
58.3463 0.0620193 1554 1738
58.4083 0.0620155 1738 1903
58.4698 0.0615463 1903 2053
58.5314 0.0615463 2053 2192
58.5929 0.0615463 2192 2323
58.5939 0.00094223 2323 2446
58.6549 0.0610733 2446 2563
58.6559 0.000946045 2563 2675
58.717 0.0610733 2675 2782
58.7179 0.00094223 2782 2885
58.7799 0.0620193 2885 2984
58.8415 0.0615425 2984 3080
58.903 0.0615463 3080 3173
59.0266 0.123623 3173 2144
59.0271 0.000469208 2144 1072
59.2103 0.183243 1072 1340
59.2724 0.0620155 1340 1554
59.3344 0.0620193 1554 1738
59.3964 0.0620155 1738 1903
59.4579 0.0615463 1903 2053
59.5195 0.0615463 2053 2192
59.581 0.0615463 2192 2323
59.582 0.00094223 2323 2446
59.644 0.0620384 2446 1608
59.7046 0.0606194 1608 1072
59.7671 0.0624886 1072 1340
59.8291 0.0620193 1340 1554
59.8912 0.0620193 1554 1738
59.9532 0.0620155 1738 1903
60.0147 0.0615463 1903 2053
60.2767 0.262016 2053 2192
60.3388 0.0620193 2192 2323
60.3397 0.00094223 2323 2446
60.4008 0.0610733 2446 2563
60.4017 0.000946045 2563 2675
60.4628 0.0610733 2675 2782
60.4637 0.00094223 2782 2885
60.5258 0.0620193 2885 2984
60.5873 0.0615463 2984 3080
60.6489 0.0615425 3080 3173
60.7104 0.0615463 3173 3263
60.7719 0.0615463 3263 3351
60.833 0.0610733 3351 3436
60.8349 0.00188828 3436 3519
60.896 0.0610733 3519 3600
60.8969 0.000946045 3600 3679
60.9599 0.0629807 3679 2680
61.0201 0.0601463 2680 2144
61.0205 0.000492096 2144 1608
61.021 0.000473022 1608 1072
62.0826 1.06155 1072 536
62.4057 0.32309 536 1072
62.4677 0.0620193 1072 1340
62.5297 0.0620155 1340 1554
62.5917 0.0620193 1554 1738
62.6537 0.0620155 1738 1903
62.7153 0.0615463 1903 2053
62.7768 0.0615463 2053 2192
62.8384 0.0615463 2192 2323
62.8393 0.00094223 2323 2446
62.9004 0.0610733 2446 2563
62.9013 0.000946045 2563 2675
62.9624 0.0610733 2675 2782
62.9633 0.00094223 2782 2885
63.0254 0.0620193 2885 2984
63.0869 0.0615463 2984 3080
63.1484 0.0615425 3080 3173
63.21 0.0615463 3173 3263
63.2715 0.0615463 3263 3351
63.3326 0.0610733 3351 3436
63.3345 0.00188828 3436 3519
63.3956 0.0610733 3519 3600
63.4566 0.0610733 3600 3679
63.4585 0.00188828 3679 3757
63.5196 0.0610733 3757 3833
63.5812 0.0615463 3833 4288
63.6422 0.0610924 4288 3752
63.6427 0.000473022 3752 3216
63.7654 0.122639 3216 3752
63.7682 0.00283051 3752 3828
63.8293 0.0610733 3828 3216
63.9524 0.123131 3216 3752
64.0135 0.0610733 3752 3828
64.075 0.0615463 3828 4288
64.1394 0.064415 4288 3216
64.325 0.1856 3216 3305
64.3861 0.0610733 3305 3391
64.4458 0.0596542 3391 3475
64.4491 0.00331116 3475 3557
64.5078 0.0587082 3557 3637
64.512 0.00424957 3637 3715
64.5731 0.0610733 3715 3792
64.6318 0.0587158 3792 3867
64.6934 0.0615463 3867 4288
64.7587 0.0653381 4288 3752
64.7592 0.000473022 3752 3216
64.941 0.181824 3216 3305
65.002 0.0610504 3305 3391
65.0058 0.00379944 3391 3475
65.065 0.0591812 3475 3557
65.127 0.0620193 3557 3637
65.1299 0.00283051 3637 3715
65.19 0.0601349 3715 3792
65.2511 0.0610733 3792 3867
65.3126 0.0615463 3867 4288
65.4362 0.123581 4288 3752
65.4367 0.000473022 3752 3216
65.5593 0.122635 3216 3752
65.5622 0.00283051 3752 3828
65.6237 0.0615463 3828 4288
65.6848 0.0610733 4288 3752
65.6853 0.000495911 3752 3216
65.7459 0.0606384 3216 2680
65.7464 0.000450134 2680 3216
65.869 0.122658 3216 3752
65.9301 0.0610733 3752 3828
65.9916 0.0615463 3828 4288
66.0532 0.0615463 4288 4355
66.1782 0.124977 4355 4824
66.2402 0.0620422 4824 4288
66.2407 0.000473022 4288 3874
66.2416 0.000961304 3874 3618
66.2421 0.000473022 3618 3216
66.3008 0.0587311 3216 2680
66.3018 0.000923157 2680 3618
66.3037 0.00190735 3618 3216
66.3624 0.0587158 3216 3618
66.4239 0.0615463 3618 3752
66.4263 0.00235748 3752 3828
66.4878 0.0615463 3828 4288
66.6114 0.123566 4288 4824
66.6715 0.0601273 4824 4883
66.7354 0.0639267 4883 4288
66.7359 0.000473022 4288 3874
66.7364 0.000465393 3874 3618
66.7369 0.000473022 3618 3216
66.7989 0.0620193 3216 3618
66.8614 0.0625076 3618 2680
66.9229 0.0615463 2680 3082
67.1845 0.261566 3082 3175
67.2465 0.0620193 3175 3265
67.3081 0.0615463 3265 3352
67.31 0.00188446 3352 3437
67.372 0.0620193 3437 3520
67.4321 0.0601273 3520 3601
67.4349 0.00283051 3601 3680
67.496 0.0610962 3680 2680
68.4349 0.938904 2680 536
68.758 0.323097 536 1072
68.82 0.0620117 1072 1608
68.8821 0.0620193 1608 2144
68.8821 0 2144 2278
68.9436 0.0615463 2278 2404
68.9445 0.000946045 2404 2523
69.0066 0.0620346 2523 1608
69.0681 0.0615463 1608 1987
69.1292 0.0610886 1987 2131
69.1908 0.0615463 2131 2265
69.2523 0.0615463 2265 2391
69.2533 0.000946045 2391 2511
69.3143 0.0610733 2511 2625
69.4375 0.123131 2625 1608
69.499 0.0615463 1608 1987
69.5 0.000938416 1987 2131
69.5615 0.0615463 2131 2265
69.623 0.0615463 2265 2391
69.624 0.000946045 2391 2511
69.6851 0.0610733 2511 2625
69.686 0.000946045 2625 2734
69.7471 0.0610733 2734 2839
69.8086 0.0615463 2839 2940
69.8702 0.0615463 2940 3037
69.9317 0.0615463 3037 3131
69.9933 0.0615387 3131 3222
70.0558 0.0625153 3222 2680
70.0562 0.000465393 2680 2144
70.0567 0.000473022 2144 1987
70.1164 0.0596771 1987 1608
70.1173 0.000930786 1608 1987
70.1784 0.0610886 1987 2131
70.24 0.0615463 2131 2265
70.3015 0.0615463 2265 2391
70.3024 0.000946045 2391 2511
70.3635 0.0610733 2511 2625
70.3645 0.000938416 2625 2734
70.4255 0.0610733 2734 2839
70.4871 0.0615463 2839 2940
70.5486 0.0615463 2940 3037
70.6102 0.0615463 3037 3131
70.6722 0.0620346 3131 2144
70.6732 0.000968933 2144 1987
70.6736 0.000473022 1987 1608
70.7338 0.0601044 1608 1987
70.7948 0.0610962 1987 2131
70.8564 0.0615463 2131 2265
70.9179 0.0615463 2265 2391
70.9189 0.000938416 2391 2511
70.98 0.0610733 2511 2625
70.9809 0.000946045 2625 2734
71.042 0.0610733 2734 2839
71.1035 0.0615463 2839 2940
71.1651 0.0615463 2940 3037
71.2276 0.0625076 3037 2144
71.228 0.000473022 2144 1987
71.2882 0.0601501 1987 1608
71.2891 0.000923157 1608 1987
71.3502 0.0610962 1987 2131
71.4118 0.0615463 2131 2265
71.4733 0.0615387 2265 2391
71.4742 0.000946045 2391 2511
71.5353 0.0610733 2511 2625
71.5363 0.000946045 2625 2734
71.5973 0.0610733 2734 2839
71.6589 0.0615463 2839 2940
71.7204 0.0615463 2940 3037
71.782 0.0615463 3037 3131
71.8435 0.0615463 3131 3222
71.9051 0.0615463 3222 3311
71.907 0.00188446 3311 3397
71.968 0.0610733 3397 3481
72.0291 0.0610962 3481 2680
72.0296 0.000465393 2680 2144
72.0301 0.000473022 2144 1987
72.0306 0.000495911 1987 1608
72.0907 0.060112 1608 1987
72.1522 0.0615387 1987 2131
72.2138 0.0615463 2131 2265
72.3374 0.123604 2265 1608
72.3989 0.0615463 1608 1729
72.3998 0.000946045 1729 1895
72.4614 0.0615463 1895 2046
72.5229 0.0615387 2046 2186
72.5845 0.0615463 2186 2317
72.5854 0.000946045 2317 2440
72.6465 0.0610733 2440 2557
72.6474 0.000946045 2557 2669
72.7085 0.0610733 2669 2776
72.7095 0.000946045 2776 2879
72.8321 0.122635 2879 2144
72.8326 0.000473022 2144 1729
72.8331 0.000488281 1729 1608
72.8936 0.060585 1608 1729
72.8951 0.00143433 1729 1895
72.9566 0.0615463 1895 2046
73.0182 0.0615463 2046 2186
73.0797 0.0615463 2186 2317
73.0807 0.000946045 2317 2440
73.1417 0.0610733 2440 2557
73.1427 0.000938416 2557 2669
73.2038 0.0610733 2669 2776
73.2047 0.000946045 2776 2879
73.2667 0.0620193 2879 2978
73.3283 0.0615463 2978 3074
73.3898 0.0615463 3074 3167
73.4514 0.0615463 3167 3257
73.5129 0.0615463 3257 3345
73.574 0.0610733 3345 3430
73.5759 0.00188446 3430 3513
73.6374 0.0615616 3513 2680
73.6379 0.000473022 2680 2144
73.698 0.0601501 2144 1729
73.6985 0.000473022 1729 1608
73.6994 0.000923157 1608 1729
73.961 0.261566 1729 1895
74.023 0.0620193 1895 2046
74.0846 0.0615463 2046 2186
74.1461 0.0615463 2186 2317
74.1471 0.000938416 2317 2440
74.2091 0.0620422 2440 1608
74.2706 0.0615463 1608 1729
74.3317 0.0610886 1729 1895
74.3933 0.0615463 1895 2046
74.4548 0.0615463 2046 2186
74.5164 0.0615463 2186 2317
74.5173 0.000946045 2317 2440
74.5784 0.0610733 2440 2557
74.5793 0.000938416 2557 2669
74.6404 0.0610733 2669 2776
74.6414 0.000946045 2776 2879
74.7034 0.0620193 2879 2978
74.7649 0.0615463 2978 3074
74.8265 0.0615463 3074 3167
74.888 0.0615463 3167 3257
74.9496 0.0615387 3257 3345
75.0106 0.0610809 3345 3430
75.0125 0.00188446 3430 3513
75.0736 0.0610733 3513 3594
75.1352 0.0615616 3594 2680
75.1356 0.000473022 2680 2144
75.1958 0.0601501 2144 1729
75.1962 0.000473022 1729 1608
75.1972 0.000923157 1608 1729
75.2583 0.0610962 1729 1895
75.3198 0.0615463 1895 2046
75.3814 0.0615463 2046 2186
75.4429 0.0615387 2186 2317
75.4438 0.000946045 2317 2440
75.5049 0.0610733 2440 2557
75.5059 0.000946045 2557 2669
75.5669 0.0610733 2669 2776
75.5679 0.000946045 2776 2879
75.6299 0.0620193 2879 2978
75.6914 0.0615387 2978 3074
75.753 0.0615463 3074 3167
75.8145 0.0615463 3167 3257
75.8761 0.0615463 3257 3345
75.9372 0.0610733 3345 3430
75.939 0.00189209 3430 3513
76.0001 0.0610733 3513 3594
76.0011 0.000938416 3594 3673
76.0631 0.0620193 3673 3751
76.1241 0.0610733 3751 3827
76.1867 0.0625076 3827 3216
76.1871 0.000473022 3216 2680
76.1876 0.000473022 2680 2185
76.2473 0.0596771 2185 1729
76.2477 0.000473022 1729 1608
76.2487 0.000923157 1608 1729
76.3098 0.0610962 1729 1895
76.3713 0.0615463 1895 2046
76.4329 0.0615463 2046 2186
76.4944 0.0615387 2186 2317
76.557 0.0625534 2317 1608
76.618 0.0610886 1608 1072
76.6185 0.000473022 1072 1608
76.6796 0.0610733 1608 1729
76.6805 0.000946045 1729 1895
76.7421 0.0615463 1895 2046
76.8036 0.0615463 2046 2186
76.8652 0.0615463 2186 2317
76.8661 0.000938416 2317 2440
76.9272 0.0610733 2440 2557
76.9281 0.000946045 2557 2669
76.9892 0.0610733 2669 2776
76.9901 0.000946045 2776 2879
77.0522 0.0620193 2879 2978
77.1748 0.122635 2978 2144
77.1758 0.000961304 2144 1729
77.1762 0.000473022 1729 1608
77.2364 0.060112 1608 1729
77.2974 0.0610886 1729 1895
77.359 0.0615463 1895 2046
77.4205 0.0615463 2046 2186
77.4821 0.0615463 2186 2317
77.483 0.000946045 2317 2440
77.5441 0.0610733 2440 2557
77.545 0.000946045 2557 2669
77.6061 0.0610733 2669 2776
77.6071 0.000938416 2776 2879
77.7302 0.123116 2879 2144
77.7311 0.000961304 2144 1729
77.7316 0.000473022 1729 1608
77.7917 0.060112 1608 1729
77.8528 0.0610886 1729 1895
77.9144 0.0615463 1895 2046
77.9759 0.0615463 2046 2186
78.0374 0.0615463 2186 2317
78.0384 0.000946045 2317 2440
78.0995 0.0610733 2440 2557
78.2226 0.123131 2557 1608
78.2841 0.0615387 1608 1729
78.2851 0.000946045 1729 1895
78.3466 0.0615463 1895 2046
78.4082 0.0615463 2046 2186
78.4697 0.0615463 2186 2317
78.4707 0.000946045 2317 2440
78.5317 0.0610733 2440 2557
78.5327 0.000938416 2557 2669
78.5938 0.0610733 2669 2776
78.5947 0.000946045 2776 2879
78.6567 0.0620193 2879 2978
78.7183 0.0615463 2978 3074
78.7798 0.0615463 3074 3167
78.8414 0.0615463 3167 3257
78.9029 0.0615463 3257 3345
78.9048 0.00188446 3345 3430
78.9659 0.0610733 3430 3513
79.0269 0.0610733 3513 3594
79.0288 0.00189209 3594 3673
79.0899 0.0610733 3673 3751
79.151 0.0610733 3751 3827
79.1529 0.00188446 3827 3902
79.2149 0.0620193 3902 4288
79.3375 0.12262 4288 4824
79.3986 0.0610733 4824 5360
79.4601 0.0615463 5360 5896
79.524 0.0639267 5896 5360
79.5245 0.000465393 5360 4969
79.525 0.000473022 4969 4422
79.5255 0.000473022 4422 4288
79.5856 0.0601273 4288 4422
79.6471 0.0615692 4422 4824
79.7073 0.0601273 4824 4288
79.7698 0.0625305 4288 3752
79.8314 0.0615463 3752 4288
79.892 0.0606155 4288 4824
79.8953 0.00328827 4824 5360
79.9568 0.0615616 5360 5896
80.0179 0.0610733 5896 6432
80.0794 0.0615463 6432 6968
80.1405 0.0610962 6968 6432
80.1415 0.000961304 6432 6057
80.142 0.000473022 6057 5870
80.1429 0.000946045 5870 4824
80.2021 0.0591812 4824 5226
80.2674 0.0653458 5226 4288
80.329 0.0615463 4288 4690
80.4484 0.11937 4690 3752
80.5104 0.0619965 3752 4154
81.1291 0.618759 4154 4223
81.1907 0.0615463 4223 4291
81.3147 0.124054 4291 4288
81.3152 0.000473022 4288 3755
81.3157 0.000473022 3755 3752
81.3758 0.0601273 3752 3755
81.3786 0.00283813 3755 3831
81.4402 0.0615387 3831 4288
81.6239 0.183693 4288 4824
81.6854 0.0615692 4824 4378
81.6859 0.000473022 4378 3755
81.6864 0.000473022 3755 3752
81.6878 0.00141144 3752 3755
81.7489 0.0610962 3755 3831
81.872 0.123131 3831 3216
81.8739 0.00188446 3216 2680
81.9336 0.0596771 2680 3216
81.9354 0.0018692 3216 3295
81.997 0.0615463 3295 3752
82.0576 0.0606232 3752 3828
82.1192 0.0615387 3828 4288
82.2446 0.125458 4288 4824
82.3057 0.0610733 4824 5360
82.3672 0.0615463 5360 5896
82.4274 0.0601273 5896 5360
82.4278 0.000488281 5360 4969
82.4283 0.000473022 4969 4422
82.4288 0.000473022 4422 4288
82.4889 0.060112 4288 4422
82.5505 0.0615616 4422 4824
82.5547 0.00424957 4824 5360
82.6163 0.0615463 5360 5896
82.6769 0.0606232 5896 5360
82.6773 0.000465393 5360 4969
82.6778 0.000473022 4969 4422
82.6783 0.000473022 4422 4288
82.7389 0.0606003 4288 4422
82.8005 0.0615692 4422 4824
82.8625 0.0620346 4824 4288
82.9856 0.123108 4288 4824
83.0467 0.0610733 4824 5360
83.1082 0.0615463 5360 5896
83.7928 0.684578 5896 5456
83.7938 0.000961304 5456 5236
83.8482 0.0544662 5236 4422
83.8487 0.000473022 4422 3752
83.8534 0.00471497 3752 4422
83.8539 0.000473022 4422 4288
83.9102 0.0563583 4288 4422
84.0395 0.129227 4422 4824
84.0977 0.0582581 4824 5360
84.164 0.0662689 5360 4824
84.1645 0.000465393 4824 4422
84.1649 0.000473022 4422 4288
84.5964 0.43145 4288 3752
84.658 0.0615616 3752 4288
84.7149 0.0569 4288 3752
84.7764 0.0615692 3752 4288
85.1574 0.380951 4288 536
85.4805 0.32309 536 1072
85.5425 0.0620193 1072 1608
85.6045 0.0620193 1608 2144
85.666 0.0615463 2144 2680
85.667 0.000938416 2680 3216
85.7281 0.0610733 3216 3752
85.729 0.000946045 3752 3828
85.8535 0.124512 3828 3903
85.9137 0.0601425 3903 3216
85.9767 0.0630035 3216 2680
86.0382 0.0615616 2680 3216
86.8535 0.815292 3216 536
87.1766 0.32309 536 1072
87.2386 0.0620193 1072 1608
87.4243 0.185654 1608 1072
87.609 0.184692 1072 536
87.6705 0.0615463 536 1072
87.6705 0 1072 1340
87.8557 0.185165 1340 536
87.9172 0.0615463 536 1072
87.9172 0 1072 1340
87.9792 0.0620193 1340 1554
88.0413 0.0620193 1554 1738
88.1033 0.0620193 1738 1903
88.1648 0.0615387 1903 2053
88.2264 0.0615463 2053 2192
88.2879 0.0615463 2192 2323
88.2889 0.000946045 2323 2446
88.3499 0.0610733 2446 2563
88.3509 0.000946045 2563 2675
88.474 0.123131 2675 1608
88.475 0.000961304 1608 1072
88.6587 0.183731 1072 536
88.7203 0.0615463 536 1072
88.7203 0 1072 1340
88.7823 0.0620193 1340 1554
88.8443 0.0620117 1554 1738
88.9063 0.0620193 1738 1903
88.9678 0.0615463 1903 2053
89.0294 0.0615463 2053 2192
89.0909 0.0615463 2192 2323
89.0919 0.000946045 2323 2446
89.153 0.0610733 2446 2563
89.1539 0.000938416 2563 2675
89.215 0.0610733 2675 2782
89.2159 0.000946045 2782 2885
89.2779 0.0620193 2885 2984
89.3395 0.0615463 2984 3080
89.401 0.0615463 3080 3173
89.4626 0.0615463 3173 3263
89.5241 0.0615387 3263 3351
89.5852 0.0610733 3351 3436
89.5871 0.00189209 3436 3519
89.6482 0.0610733 3519 3600
89.7092 0.0610733 3600 3679
89.7111 0.00189209 3679 3757
89.7722 0.0610733 3757 3833
89.8337 0.0615387 3833 4288
89.9592 0.125458 4288 4824
90.0212 0.0620117 4824 5360
90.204 0.182755 5360 5896
90.2087 0.00471497 5896 6432
90.2702 0.0615463 6432 6968
90.3327 0.0625076 6968 6432
90.3332 0.000473022 6432 6057
90.3337 0.000473022 6057 5870
90.3341 0.000473022 5870 5226
90.3346 0.000473022 5226 4824
90.3947 0.0601273 4824 5226
90.4558 0.0610962 5226 5360
90.5179 0.0620346 5360 4824
90.5785 0.0606613 4824 4288
90.5795 0.000938416 4288 3752
90.5799 0.000457764 3752 4288
90.6401 0.0601654 4288 4824
90.9502 0.310104 4824 4288
91.1349 0.184662 4288 4824
91.1954 0.0605774 4824 5360
91.257 0.0615463 5360 5896
91.3767 0.119751 5896 6432
91.3825 0.00572205 6432 5896
91.3829 0.000473022 5896 5514
91.3834 0.000473022 5514 4824
91.7518 0.368362 4824 4288
91.9321 0.180351 4288 3752
91.9975 0.0653992 3752 3216
92.0591 0.0615463 3216 3752
92.1206 0.0615463 3752 4288
92.1822 0.0615463 4288 4824
92.3019 0.119751 4824 5360
92.4918 0.189865 5360 5896
92.4937 0.00190735 5896 5360
92.5491 0.0553665 5360 4969
92.5495 0.000473022 4969 4422
92.55 0.000473022 4422 4288
92.5557 0.0056839 4288 4422
92.6172 0.0615692 4422 4824
92.6783 0.0610733 4824 5360
92.7361 0.0577469 5360 4824
92.7389 0.00286865 4824 4422
92.7394 0.000473022 4422 4288
92.7972 0.0577698 4288 3752
92.7976 0.000450134 3752 4422
92.801 0.0033493 4422 4288
92.8587 0.0577469 4288 4422
92.8649 0.00621033 4422 3752
92.9819 0.116936 3752 3216
93.0434 0.0615692 3216 3752
93.1064 0.0629959 3752 3216
93.168 0.0615692 3216 3752
93.599 0.430992 3752 3216
93.6606 0.0615616 3216 3752
93.8597 0.199112 3752 536
94.1828 0.32309 536 1072
94.2448 0.0620193 1072 1608
94.3068 0.0620117 1608 2144
94.3683 0.0615463 2144 2680
94.3693 0.000946045 2680 3216
94.3693 0 3216 3305
94.4313 0.0620193 3305 3391
94.4924 0.0610733 3391 3475
94.4943 0.00188446 3475 3557
94.6164 0.122169 3557 2680
94.678 0.0615463 2680 3021
94.7391 0.0610886 3021 3116
94.8006 0.0615463 3116 3208
94.8622 0.0615463 3208 3297
94.9266 0.064415 3297 2680
94.9858 0.0592041 2680 2144
94.9881 0.00236511 2144 2680
95.0473 0.0591812 2680 2761
95.0502 0.00285339 2761 2865
95.1117 0.0615463 2865 2965
95.1733 0.0615463 2965 3061
95.2348 0.0615463 3061 3154
95.2964 0.0615463 3154 3245
95.3579 0.0615463 3245 3333
95.419 0.0610733 3333 3419
95.4209 0.00188446 3419 3503
95.4819 0.0610733 3503 3585
95.544 0.0620575 3585 2680
95.6056 0.0615616 2680 2761
95.6657 0.0601501 2761 2680
95.6671 0.00139618 2680 2761
95.7273 0.0601501 2761 2865
95.7888 0.0615463 2865 2965
95.8503 0.0615463 2965 3061
95.9119 0.0615463 3061 3154
95.9758 0.0638885 3154 3245
96.0388 0.0629959 3245 2680
96.0989 0.0601501 2680 2144
96.1003 0.00141144 2144 2680
96.1605 0.0601349 2680 2709
96.1628 0.00235748 2709 2815
96.2244 0.0615463 2815 2917
96.2859 0.0615463 2917 3015
96.3475 0.0615463 3015 3110
96.409 0.0615463 3110 3202
96.4706 0.0615463 3202 3291
96.5321 0.0615616 3291 2680
96.5951 0.0629807 2680 2709
96.6571 0.0620346 2709 2680
96.6576 0.000473022 2680 2173
96.6581 0.000473022 2173 2144
96.7182 0.0601273 2144 2173
96.7798 0.0615463 2173 2305
96.7812 0.00141907 2305 2429
96.8432 0.0620346 2429 1608
96.9048 0.0615463 1608 1893
96.9659 0.0610962 1893 2044
97.0274 0.0615463 2044 2184
97.0889 0.0615387 2184 2315
97.0899 0.000946045 2315 2439
97.151 0.0610733 2439 2556
97.1519 0.000946045 2556 2668
97.213 0.0610733 2668 2775
97.2139 0.000946045 2775 2878
97.2759 0.0620193 2878 2977
97.3375 0.0615387 2977 3073
97.399 0.0615463 3073 3166
97.4606 0.0615463 3166 3256
97.5221 0.0615463 3256 3344
97.5832 0.0610733 3344 3429
97.5851 0.00189209 3429 3512
97.6462 0.0610886 3512 2680
97.6467 0.000473022 2680 2144
97.6471 0.000473022 2144 1893
97.7068 0.0596771 1893 1608
97.7077 0.000923157 1608 1893
97.7688 0.0610962 1893 2044
97.8304 0.0615463 2044 2184
97.8919 0.0615387 2184 2315
97.8929 0.000946045 2315 2439
97.9539 0.0610733 2439 2556
97.9549 0.000946045 2556 2668
98.0159 0.0610733 2668 2775
98.0169 0.000946045 2775 2878
98.0789 0.0620193 2878 2977
98.1405 0.0615387 2977 3073
98.202 0.0615463 3073 3166
98.2635 0.0615463 3166 3256
98.3251 0.0615463 3256 3344
98.3862 0.0610733 3344 3429
98.3881 0.00189209 3429 3512
98.4491 0.0610733 3512 3593
98.5102 0.0610733 3593 3672
98.5121 0.00188446 3672 3750
98.5732 0.0610733 3750 3826
98.6342 0.0610733 3826 3901
98.6967 0.0624924 3901 4288
98.7592 0.0625076 4288 3752
98.7597 0.000473022 3752 3216
98.8819 0.122185 3216 2680
99.0045 0.122635 2680 2787
99.0661 0.0615463 2787 2890
99.1276 0.0615463 2890 2989
99.1892 0.0615463 2989 3085
99.2507 0.0615463 3085 3178
99.3123 0.0615463 3178 3268
99.3738 0.0615463 3268 3355
99.3771 0.00328064 3355 3440
99.4368 0.0596771 3440 3523
99.4978 0.0610733 3523 3604
99.5011 0.00328827 3604 3683
99.5608 0.0596771 3683 3761
99.6228 0.0620193 3761 3837
99.6844 0.0615463 3837 3911
99.8084 0.124054 3911 3216
99.8089 0.000473022 3216 2933
99.8094 0.000465393 2933 2680
99.87 0.0606079 2680 2933
99.9311 0.0610886 2933 3030
99.9926 0.0615463 3030 3124
100.054 0.0615463 3124 3215
100.116 0.0615463 3215 3304
100.177 0.0615463 3304 3390
100.18 0.00234222 3390 3474
100.24 0.0606155 3474 3556
100.301 0.0610733 3556 3636
100.304 0.00234222 3636 3715
100.364 0.0606232 3715 3792
100.425 0.0610733 3792 3867
100.487 0.0615463 3867 4288
100.673 0.186523 4288 4824
100.734 0.0610733 4824 5360
100.796 0.0615463 5360 5896
100.799 0.00334167 5896 5360
100.8 0.000473022 5360 4969
100.858 0.0577698 4969 4288
100.861 0.00331879 4288 4422
100.982 0.121185 4422 4824
100.985 0.00285339 4824 4288
101.229 0.244293 4288 4824
101.291 0.0620346 4824 4288
101.414 0.123116 4288 4824
101.476 0.0620575 4824 4288
101.477 0.000938416 4288 3752
101.539 0.0615463 3752 4288
101.541 0.00235748 4288 4355
101.603 0.0615463 4355 4824
101.665 0.0620422 4824 4288
101.786 0.121223 4288 3752
101.849 0.0629959 3752 3216
101.911 0.0615463 3216 3752
101.972 0.0615463 3752 4288
102.034 0.0615463 4288 4824
102.095 0.0615616 4824 3752
102.525 0.429443 3752 3216
102.528 0.00332642 3216 2680
102.586 0.0582352 2680 3216
102.712 0.125473 3216 3305
102.772 0.060585 3305 3391
102.775 0.00284576 3391 3475
102.836 0.0606079 3475 3557
102.896 0.0605774 3557 3637
102.899 0.00285339 3637 3715
102.96 0.0606003 3715 3792
103.02 0.0606003 3792 3216
103.144 0.123116 3216 3752
103.146 0.00284576 3752 3828
103.208 0.0615463 3828 4288
103.269 0.0615463 4288 4824
103.331 0.061058 4824 5360
103.332 0.00192261 5360 4824
103.333 0.000473022 4824 4422
103.391 0.0577545 4422 4020
103.391 0.000465393 4020 3752
103.394 0.00328827 3752 4020
103.456 0.0610886 4020 4288
103.578 0.12262 4288 4824
103.639 0.0610733 4824 5360
103.701 0.0615463 5360 5896
103.703 0.00190735 5896 5360
103.703 0.000473022 5360 4969
103.704 0.000473022 4969 4422
103.704 0.000473022 4422 4288
103.765 0.060585 4288 4422
103.826 0.0615616 4422 4824
103.887 0.0610733 4824 5360
103.949 0.0615463 5360 5896
104.072 0.123566 5896 6432
104.134 0.0615463 6432 6968
104.201 0.0667343 6968 7504
104.262 0.0610962 7504 6968
104.262 0.000465393 6968 6600
104.263 0.000968933 6600 6416
104.319 0.0558777 6416 5628
104.32 0.000473022 5628 4824
104.324 0.00424957 4824 5628
104.443 0.118843 5628 5896
104.509 0.0667725 5896 5360
104.633 0.123604 5360 4824
104.756 0.123093 4824 5360
104.815 0.0591812 5360 4824
104.816 0.000946045 4824 4288
104.877 0.0606232 4288 4824
104.941 0.064415 4824 4288
105.122 0.180389 4288 3752
105.188 0.065834 3752 4288
105.249 0.0615463 4288 4824
105.31 0.0606003 4824 5360
105.371 0.0615463 5360 5896
105.373 0.00190735 5896 5360
105.374 0.000465393 5360 4969
105.374 0.000473022 4969 4422
105.431 0.0572586 4422 4288
105.435 0.00379944 4288 4422
105.497 0.0615616 4422 4824
105.558 0.0610733 4824 5360
105.617 0.059166 5360 4824
105.617 0.000473022 4824 4422
105.618 0.000984192 4422 4288
105.678 0.0600891 4288 4422
105.742 0.0634918 4422 3752
105.804 0.0615463 3752 3886
105.863 0.059639 3886 4288
105.99 0.126884 4288 4824
106.05 0.059639 4824 5360
106.111 0.0615463 5360 5896
106.234 0.12262 5896 6432
106.3 0.0663223 6432 5360
106.357 0.0567856 5360 4824
106.421 0.0639267 4824 4288
106.545 0.124054 4288 4824
106.668 0.12262 4824 5360
106.669 0.00190735 5360 4824
106.67 0.000473022 4824 4288
106.79 0.120277 4288 3752
106.853 0.0624924 3752 4288
106.855 0.00190735 4288 4355
106.917 0.0619965 4355 4824
106.978 0.0610733 4824 5360
107.039 0.0615463 5360 5896
107.162 0.122635 5896 5360
107.162 0.000473022 5360 4969
107.163 0.000473022 4969 4422
107.163 0.000473022 4422 4288
107.223 0.0601273 4288 4422
107.285 0.0615463 4422 4824
107.351 0.0658112 4824 5360
107.533 0.181786 5360 5896
107.538 0.00566864 5896 6432
107.6 0.0615463 6432 6968
107.661 0.0610733 6968 7504
107.721 0.0606155 7504 6968
107.722 0.000473022 6968 6600
107.723 0.000968933 6600 6416
107.723 0.000465393 6416 5628
107.724 0.000473022 5628 4824
107.783 0.0591888 4824 5628
107.966 0.18322 5628 5896
108.027 0.0610733 5896 6432
108.089 0.0615463 6432 6968
108.157 0.0681534 6968 7504
108.219 0.0615616 7504 6968
108.219 0.000473022 6968 6600
108.22 0.000473022 6600 6416
108.274 0.0544662 6416 5628
108.274 0.000473022 5628 5360
108.336 0.0620193 5360 5628
108.398 0.0615463 5628 5896
108.461 0.0625076 5896 5360
108.525 0.0643921 5360 4824
108.586 0.0611115 4824 4288
108.587 0.000930786 4288 4824
109.082 0.494781 4824 4288
109.327 0.245239 4288 4824
109.387 0.0601425 4824 4288
109.51 0.123116 4288 4824
109.514 0.00422668 4824 5360
109.576 0.0615463 5360 5896
109.636 0.0601501 5896 5360
109.637 0.000473022 5360 4969
109.637 0.000465393 4969 4422
109.638 0.000473022 4422 4288
109.698 0.0601349 4288 4422
109.759 0.0615616 4422 4824
109.819 0.0601501 4824 5360
109.881 0.0615616 5360 4824
109.881 0.000473022 4824 4422
109.882 0.000473022 4422 4288
109.943 0.0606003 4288 4422
110.004 0.0615463 4422 4824
110.071 0.0667191 4824 5360
110.194 0.123566 5360 5896
110.254 0.0591812 5896 6432
110.315 0.0615463 6432 6968
110.437 0.121696 6968 7504
110.563 0.125923 7504 6968
110.563 0.000473022 6968 6600
110.564 0.000473022 6600 6416
110.565 0.00141144 6416 5628
110.566 0.000473022 5628 5360
110.624 0.0587158 5360 5628
110.684 0.0596924 5628 4824
110.746 0.0615463 4824 5092
110.807 0.0610962 5092 5360
110.871 0.0639038 5360 4824
111.176 0.305405 4824 4288
111.363 0.187019 4288 3752
111.548 0.184654 3752 3828
111.67 0.122635 3828 3216
111.732 0.0615463 3216 3292
111.797 0.0653458 3292 3379
111.858 0.0610733 3379 3464
111.917 0.0591812 3464 3546
111.921 0.00377655 3546 3627
111.982 0.0610733 3627 3706
112.041 0.0591888 3706 3783
112.045 0.00377655 3783 3858
112.165 0.119804 3858 3216
112.227 0.0615692 3216 3292
112.227 0.000465393 3292 2680
112.289 0.0615463 2680 3292
112.35 0.0610962 3292 3379
112.353 0.00379181 3379 3464
112.413 0.059166 3464 3546
112.474 0.0610733 3546 3627
112.478 0.00379944 3627 3706
112.597 0.119789 3706 2680
112.659 0.0615387 2680 3170
112.662 0.00336456 3170 2680
112.663 0.000473022 2680 2144
112.725 0.0620193 2144 3170
112.786 0.0615616 3170 3260
112.848 0.0615463 3260 3348
112.849 0.000946045 3348 3433
112.911 0.0620193 3433 3516
112.973 0.0620117 3516 3597
112.974 0.000946045 3597 3676
113.037 0.0629654 3676 3754
113.097 0.0601273 3754 3830
113.1 0.00331879 3830 3216
113.159 0.0587387 3216 3170
113.161 0.00190735 3170 2680
113.161 0.000473022 2680 2144
113.162 0.000923157 2144 3170
113.222 0.0601654 3170 2680
113.223 0.000450134 2680 3170
113.284 0.0610962 3170 3260
113.345 0.0615463 3260 3348
113.347 0.00188446 3348 3433
113.408 0.0610733 3433 3516
113.469 0.0610733 3516 3597
113.471 0.00189209 3597 3676
113.532 0.0610733 3676 3754
113.594 0.0610733 3754 3830
113.655 0.0615463 3830 4288
113.781 0.12545 4288 4824
113.842 0.0610733 4824 5360
113.903 0.0615463 5360 5896
113.966 0.0625076 5896 5456
113.966 0.000473022 5456 5236
113.967 0.000473022 5236 4422
113.967 0.000473022 4422 4288
114.026 0.0591812 4288 4422
114.213 0.186996 4422 4824
114.274 0.0606232 4824 5360
114.338 0.0639267 5360 4969
114.338 0.000473022 4969 4422
114.396 0.0577698 4422 4288
114.399 0.00330353 4288 4422
114.461 0.0615616 4422 4824
114.52 0.0591888 4824 4288
114.643 0.123108 4288 4824
114.647 0.00424957 4824 5360
114.709 0.0615463 5360 5896
114.771 0.0615616 5896 5360
114.771 0.000473022 5360 4969
114.771 0.000473022 4969 4422
114.772 0.000473022 4422 4288
114.833 0.0606003 4288 4422
114.893 0.0601654 4422 3752
114.954 0.0615463 3752 3886
115.014 0.0601273 3886 4288
115.199 0.184639 4288 4824
115.201 0.00189209 4824 4883
115.263 0.0625076 4883 4288
115.264 0.000473022 4288 3886
115.264 0.000473022 3886 3752
115.325 0.0610733 3752 3886
115.387 0.0610886 3886 4288
115.57 0.183205 4288 4824
115.632 0.0625229 4824 4288
115.633 0.000495911 4288 3886
115.633 0.000473022 3886 3216
115.694 0.0606003 3216 3886
115.695 0.00143433 3886 3752
115.939 0.243896 3752 3216
116.001 0.0615692 3216 3752
116.124 0.123619 3752 3216
116.186 0.0615845 3216 3752
116.188 0.00196075 3752 3216
116.249 0.0615692 3216 3752
116.619 0.369423 3752 3216
116.68 0.0615692 3216 3752
116.694 0.0133743 3752 536
117.017 0.32309 536 1072
117.079 0.0620193 1072 1608
117.141 0.0620193 1608 2144
117.203 0.0615387 2144 2680
117.203 0.000946045 2680 3216
117.203 0 3216 3305
117.265 0.0620193 3305 3391
117.327 0.0610733 3391 3475
117.328 0.00188446 3475 3557
117.39 0.0610733 3557 3637
117.452 0.0625153 3637 2680
117.514 0.0620117 2680 3101
117.575 0.0610962 3101 3193
117.637 0.0615463 3193 3282
117.698 0.0615463 3282 3369
117.699 0.000946045 3369 3454
117.761 0.0620117 3454 3537
117.822 0.0610733 3537 3618
117.824 0.00189209 3618 3697
117.885 0.0610733 3697 3774
117.947 0.0615616 3774 3216
117.947 0.000473022 3216 3101
117.948 0.000473022 3101 2680
118.009 0.0610733 2680 3101
118.07 0.0610962 3101 3193
118.131 0.0615387 3193 3282
118.193 0.0620422 3282 2680
118.255 0.0620193 2680 2746
118.317 0.0610886 2746 2850
118.378 0.0615463 2850 2950
118.44 0.0615463 2950 3047
118.501 0.0615463 3047 3141
118.563 0.0615463 3141 3232
118.624 0.0615463 3232 3320
118.626 0.00188446 3320 3406
118.687 0.0610733 3406 3490
118.748 0.0610733 3490 3572
118.75 0.00189209 3572 3652
118.811 0.0610733 3652 3730
118.872 0.0610733 3730 3807
118.874 0.00188446 3807 3882
118.936 0.0620193 3882 4288
118.999 0.0625076 4288 3752
119.058 0.0587158 3752 3216
119.122 0.0643921 3216 3752
119.183 0.0610733 3752 3828
119.245 0.0615463 3828 4288
119.37 0.12545 4288 4824
119.43 0.0601501 4824 4288
119.431 0.000473022 4288 3874
119.431 0.000473022 3874 3618
119.432 0.000473022 3618 3216
119.492 0.0601273 3216 3618
119.553 0.0615692 3618 3752
119.614 0.0610504 3752 3828
119.676 0.0615463 3828 4288
119.739 0.0629807 4288 3752
119.739 0.000473022 3752 3618
119.74 0.000946045 3618 3216
119.801 0.0606003 3216 3618
119.923 0.122635 3618 3697
119.926 0.00281525 3697 3774
119.988 0.0615616 3774 3216
120.049 0.0615463 3216 3238
120.111 0.0615463 3238 3752
120.172 0.0606384 3752 3828
120.233 0.0615463 3828 4288
120.359 0.12545 4288 4824
120.421 0.0625153 4824 4288
120.422 0.000473022 4288 3874
120.422 0.000465393 3874 3618
120.48 0.0582428 3618 3216
120.483 0.00283051 3216 3618
120.545 0.0615692 3618 3752
120.606 0.0610733 3752 3828
120.667 0.0615463 3828 4288
120.793 0.12545 4288 4824
120.855 0.0620346 4824 4288
120.855 0.000473022 4288 3874
120.913 0.0577545 3874 3618
120.913 0.000465393 3618 3216
120.916 0.00285339 3216 3618
120.978 0.0615692 3618 3752
121.039 0.0610733 3752 3828
121.1 0.0606003 3828 3216
121.163 0.0629959 3216 3292
121.224 0.0615692 3292 3216
121.225 0.000473022 3216 2756
121.225 0.000465393 2756 2680
121.226 0.000930786 2680 2756
121.226 0.000488281 2756 2680
121.287 0.0601501 2680 2144
121.348 0.0615463 2144 2756
121.41 0.0615463 2756 2860
121.471 0.0615463 2860 2960
121.533 0.0615387 2960 3057
121.594 0.0615463 3057 3150
121.656 0.0615463 3150 3241
121.717 0.0615463 3241 3329
121.719 0.00189209 3329 3415
121.78 0.0610733 3415 3499
121.841 0.0610733 3499 3581
121.843 0.00188446 3581 3661
121.904 0.0610733 3661 3739
121.966 0.0610733 3739 3815
121.967 0.00189209 3815 3890
122.029 0.0615463 3890 3963
122.091 0.0615463 3963 4288
122.216 0.12545 4288 4824
122.277 0.0610733 4824 4883
122.339 0.0620346 4883 4288
122.34 0.000473022 4288 3874
122.34 0.000473022 3874 3618
122.34 0.000473022 3618 3216
122.401 0.0606003 3216 3618
122.463 0.0615616 3618 3752
122.524 0.0610733 3752 3828
122.585 0.0615463 3828 4288
122.772 0.186523 4288 4355
122.774 0.00189209 4355 4420
122.836 0.0620193 4420 4824
122.897 0.0610733 4824 5360
122.958 0.0615387 5360 5896
123.081 0.12262 5896 6432
123.208 0.127342 6432 6968
123.269 0.0610733 6968 7504
123.331 0.0615692 7504 6968
123.331 0.000465393 6968 6600
123.332 0.000473022 6600 6416
123.332 0.000473022 6416 5628
123.333 0.000473022 5628 5360
123.392 0.0596542 5360 5628
123.452 0.0596771 5628 4824
123.514 0.0615463 4824 5092
123.576 0.0625076 5092 5360
123.638 0.0615463 5360 5896
123.704 0.0657959 5896 6432
123.826 0.12262 6432 6968
123.887 0.0610733 6968 7504
123.89 0.00285339 7504 6968
123.891 0.000473022 6968 6600
123.947 0.0563507 6600 6416
123.947 0.000473022 6416 5628
123.948 0.000473022 5628 5360
123.952 0.00422668 5360 5628
124.014 0.0615616 5628 5896
124.075 0.0610733 5896 6432
124.136 0.0615463 6432 6968
124.197 0.0610733 6968 7504
124.259 0.0615463 7504 8040
124.381 0.12262 8040 8576
124.387 0.00521088 8576 7683
124.442 0.0554123 7683 7504
124.443 0.000473022 7504 7326
124.443 0.000473022 7326 6432
125 0.55648 6432 5896
125 0.000946045 5896 5360
125.061 0.0606384 5360 5896
125.063 0.00139618 5896 6432
125.247 0.184258 6432 5896
125.308 0.0615692 5896 6432
125.384 0.0759735 6432 536
128.031 2.64618 536 1072
128.093 0.062027 1072 1340
128.155 0.0620117 1340 1554
128.217 0.062027 1554 1738
128.279 0.0620117 1738 1903
128.34 0.0615387 1903 2053
128.402 0.061554 2053 2192
128.463 0.0615387 2192 2323
128.464 0.000946045 2323 2446
128.525 0.0610809 2446 2563
128.526 0.000946045 2563 2675
128.587 0.0610657 2675 2782
128.588 0.000946045 2782 2885
128.65 0.0620117 2885 2984
128.712 0.061554 2984 3080
128.773 0.0615692 3080 2144
128.774 0.000457764 2144 1608
128.834 0.0601501 1608 1072
128.896 0.0625 1072 1340
128.958 0.0620117 1340 1554
129.02 0.0620117 1554 1738
129.082 0.062027 1738 1903
129.144 0.0615387 1903 2053
129.206 0.061554 2053 2192
129.267 0.0615387 2192 2323
129.268 0.000946045 2323 2446
129.329 0.0610809 2446 2563
129.33 0.000930786 2563 2675
129.391 0.0610809 2675 2782
129.392 0.000946045 2782 2885
129.454 0.0620117 2885 2984
129.516 0.061554 2984 3080
129.577 0.0615387 3080 3173
129.639 0.061554 3173 3263
129.701 0.062027 3263 3216
129.701 0.000473022 3216 2680
129.761 0.0601501 2680 2144
129.762 0.000473022 2144 1608
129.762 0.000457764 1608 1072
129.763 0.000946045 1072 1340
129.825 0.0615387 1340 1554
129.887 0.0620117 1554 1738
129.949 0.062027 1738 1903
130.01 0.0615387 1903 2053
130.072 0.061554 2053 2192
130.134 0.0615387 2192 2323
130.134 0.000946045 2323 2446
130.196 0.0610657 2446 2563
130.196 0.000946045 2563 2675
130.258 0.0610809 2675 2782
130.32 0.0620117 2782 2885
130.381 0.061554 2885 2984
130.443 0.0615387 2984 3080
130.504 0.061554 3080 3173
130.566 0.0615387 3173 3263
130.627 0.061554 3263 3351
130.689 0.062027 3351 2144
130.69 0.000961304 2144 1608
130.691 0.000473022 1608 1072
130.812 0.121658 1072 1340
130.874 0.0620117 1340 1554
130.936 0.062027 1554 1738
130.998 0.0620117 1738 1903
131.06 0.061554 1903 2053
131.122 0.0615387 2053 2192
131.245 0.123596 2192 1608
131.246 0.000473022 1608 1072
131.368 0.12262 1072 1340
131.43 0.062027 1340 1554
131.492 0.0620117 1554 1738
131.554 0.062027 1738 1903
131.616 0.0615387 1903 2053
131.677 0.0615387 2053 2192
131.739 0.061554 2192 2323
131.74 0.000946045 2323 2446
131.801 0.0610657 2446 2563
131.802 0.000946045 2563 2675
131.863 0.0610809 2675 2782
131.864 0.000946045 2782 2885
131.926 0.0620117 2885 2984
131.987 0.0615387 2984 3080
132.049 0.061554 3080 3173
132.111 0.0615387 3173 3263
132.172 0.061554 3263 3351
132.233 0.0610657 3351 3436
132.235 0.00189209 3436 3519
132.296 0.0610809 3519 3600
132.357 0.0610657 3600 3679
132.359 0.00189209 3679 3757
132.42 0.0610657 3757 3833
132.482 0.061554 3833 4288
132.607 0.125443 4288 4824
132.668 0.0610809 4824 5360
132.73 0.0615387 5360 5896
132.852 0.12262 5896 6432
132.98 0.12735 6432 6968
133.042 0.0620117 6968 7504
133.225 0.183243 7504 6968
133.225 0.000473022 6968 6600
133.226 0.000473022 6600 6416
133.227 0.000930786 6416 5628
133.227 0.000473022 5628 5360
133.287 0.0591888 5360 5628
133.348 0.061554 5628 5896
133.409 0.0606232 5896 6432
133.47 0.061554 6432 5896
133.471 0.000473022 5896 5628
133.471 0.000473022 5628 5360
133.532 0.0606079 5360 5628
133.595 0.063446 5628 4824
133.657 0.061554 4824 5092
133.718 0.0610809 5092 5360
133.78 0.0625 5360 5896
133.786 0.00561523 5896 6432
133.848 0.061554 6432 6968
133.909 0.0610657 6968 7504
133.97 0.061554 7504 8040
134.091 0.121231 8040 8576
134.215 0.123566 8576 9112
134.276 0.0610809 9112 9648
134.281 0.00520325 9648 8576
134.282 0.000473022 8576 8228
134.282 0.000473022 8228 8054
134.283 0.000473022 8054 7880
134.338 0.0549622 7880 7236
134.338 0.000473022 7236 6968
134.339 0.000473022 6968 6432
134.343 0.0042572 6432 7236
134.4 0.0568542 7236 6968
134.4 0.000442505 6968 7236
134.401 0.000473022 7236 6968
134.401 0.000473022 6968 6432
134.463 0.0615692 6432 7236
134.524 0.0615692 7236 7504
134.586 0.0615387 7504 8040
134.709 0.123581 8040 7504
134.71 0.000473022 7504 7236
134.711 0.00141907 7236 6968
134.771 0.0596619 6968 7236
134.775 0.00378418 7236 6432
135.021 0.24675 6432 5896
135.083 0.0615692 5896 6432
135.517 0.43428 6432 5896
135.579 0.0615845 5896 6432
135.635 0.0563965 6432 5896
135.697 0.061554 5896 6432
135.771 0.0740814 6432 536
136.094 0.32309 536 1072
136.156 0.0620117 1072 1608
136.218 0.062027 1608 2144
136.28 0.0615387 2144 2680
136.281 0.000946045 2680 3216
136.342 0.0610657 3216 3752
136.343 0.000946045 3752 4288
136.344 0.000946045 4288 4824
136.404 0.0601349 4824 5360
136.405 0.000946045 5360 4824
136.527 0.122162 4824 4288
136.714 0.187469 4288 4824
136.777 0.062973 4824 4288
136.962 0.184677 4288 3216
137.023 0.0615692 3216 3752
137.085 0.0620117 3752 4288
137.147 0.061554 4288 4824
137.209 0.0615692 4824 4288
137.209 0.000457764 4288 3752
137.396 0.187027 3752 3216
137.581 0.184647 3216 3305
137.64 0.0591888 3305 3391
137.701 0.0615692 3391 2680
137.763 0.0615692 2680 2855
137.763 0.000457764 2855 2144
137.825 0.061554 2144 2855
137.887 0.0615692 2855 2955
137.948 0.0615387 2955 3052
138.01 0.061554 3052 3146
138.075 0.0653534 3146 2144
138.137 0.0615387 2144 2610
138.198 0.061554 2610 2720
138.256 0.0582428 2720 2825
138.318 0.0615387 2825 2926
138.379 0.061554 2926 3024
138.441 0.0615387 3024 3119
138.503 0.061554 3119 3211
138.564 0.0615387 3211 3300
138.627 0.0624847 3300 3387
138.63 0.00331116 3387 3471
138.69 0.0596619 3471 3553
138.751 0.0610657 3553 3633
138.754 0.00331116 3633 3712
138.816 0.0615845 3712 2680
138.816 0.000473022 2680 2610
138.874 0.0582581 2610 1608
138.877 0.00282288 1608 2610
138.997 0.12027 2610 2720
139.001 0.0032959 2720 2825
139.062 0.061554 2825 2926
139.124 0.0615387 2926 3024
139.185 0.061554 3024 3119
139.247 0.0615387 3119 3211
139.308 0.0615387 3211 3300
139.37 0.061554 3300 3387
139.429 0.0591888 3387 3471
139.433 0.00376892 3471 3553
139.494 0.0610809 3553 3633
139.553 0.0591736 3633 3712
139.557 0.00378418 3712 3789
139.618 0.0610962 3789 3216
139.618 0.000473022 3216 2724
139.619 0.000473022 2724 2610
139.619 0.000473022 2610 2144
139.68 0.0601196 2144 2610
139.741 0.0615692 2610 2720
139.8 0.0591888 2720 2825
139.862 0.0615387 2825 2926
139.923 0.061554 2926 3024
139.985 0.0615387 3024 3119
140.047 0.0615387 3119 3211
140.108 0.061554 3211 3300
140.17 0.0615387 3300 3387
140.171 0.00189209 3387 3471
140.233 0.0610809 3471 3553
140.294 0.0610657 3553 3633
140.296 0.00189209 3633 3712
140.357 0.0610657 3712 3789
140.418 0.0610809 3789 3864
140.479 0.0615387 3864 4288
140.666 0.186523 4288 4824
140.727 0.0610809 4824 5360
140.788 0.0615387 5360 5896
140.854 0.0657959 5896 6432
140.917 0.0629883 6432 5896
140.918 0.000473022 5896 5514
140.973 0.0558777 5514 4824
141.036 0.0625153 4824 4288
141.098 0.0615387 4288 4824
141.159 0.0615692 4824 5360
141.163 0.00378418 5360 4824
141.286 0.12265 4824 5360
141.407 0.121201 5360 4824
141.41 0.00285339 4824 4288
141.468 0.0587158 4288 4824
141.717 0.248581 4824 4288
141.964 0.246689 4288 3752
142.025 0.0611115 3752 3216
142.026 0.000915527 3216 3752
142.147 0.121719 3752 4288
142.334 0.186523 4288 4824
142.396 0.062027 4824 5360
142.457 0.0615387 5360 5413
142.523 0.0658112 5413 4824
142.581 0.0577698 4824 4429
142.581 0.000473022 4429 4059
142.582 0.000473022 4059 3752
142.585 0.00283813 3752 4059
142.646 0.0610809 4059 4288
142.768 0.122147 4288 3752
142.952 0.184204 3752 3216
143.075 0.123108 3216 3752
143.079 0.0032959 3752 3828
143.14 0.0615387 3828 4288
143.202 0.061554 4288 4355
143.262 0.0601654 4355 3752
143.262 0.000473022 3752 3216
143.385 0.122208 3216 2680
143.446 0.061554 2680 3216
143.572 0.126007 3216 2680
143.634 0.0615692 2680 3216
143.818 0.184738 3216 2680
143.88 0.0615692 2680 3216
144.202 0.321716 3216 536
144.263 0.0615387 536 1072
144.325 0.062027 1072 1608
144.387 0.0620117 1608 2144
144.449 0.0615387 2144 2680
144.449 0 2680 2787
144.45 0.000946045 2787 2890
144.512 0.062027 2890 2989
144.573 0.0615387 2989 3085
144.696 0.122635 3085 2144
144.759 0.0629883 2144 2549
144.82 0.0615387 2549 2661
144.821 0.000946045 2661 2768
144.883 0.0610809 2768 2871
144.944 0.0615387 2871 2971
145.006 0.061554 2971 3067
145.067 0.0615387 3067 3160
145.129 0.0615387 3160 3250
145.19 0.061554 3250 3338
145.192 0.00189209 3338 3424
145.254 0.061554 3424 2680
145.254 0.000473022 2680 2549
145.314 0.0601501 2549 2144
145.316 0.00140381 2144 2549
145.377 0.061554 2549 2661
145.438 0.0610809 2661 2768
145.439 0.000946045 2768 2871
145.562 0.12262 2871 2971
145.623 0.0615387 2971 3067
145.685 0.061554 3067 3160
145.747 0.0615387 3160 3250
145.808 0.061554 3250 3338
145.81 0.00187683 3338 3424
145.871 0.0610809 3424 3507
145.932 0.0610657 3507 3588
145.994 0.0620575 3588 2144
145.995 0.000961304 2144 1608
146.056 0.0606232 1608 2144
146.057 0.000946045 2144 2549
146.178 0.121674 2549 2661
146.24 0.062027 2661 2768
146.302 0.0620117 2768 2871
146.364 0.0615387 2871 2971
146.426 0.061554 2971 3067
146.487 0.0615387 3067 3160
146.549 0.061554 3160 3250
146.61 0.0615387 3250 3338
146.612 0.00189209 3338 3424
146.673 0.0610657 3424 3507
146.734 0.0610809 3507 3588
146.736 0.00189209 3588 3668
146.797 0.0610657 3668 3746
146.858 0.0610809 3746 3822
146.86 0.00189209 3822 3897
146.922 0.0620117 3897 4288
147.045 0.123108 4288 3752
147.046 0.000473022 3752 3216
147.169 0.123108 3216 3752
147.23 0.0610809 3752 3828
147.291 0.0615387 3828 4288
147.293 0.00190735 4288 3752
147.294 0.000473022 3752 3216
147.417 0.123093 3216 3752
147.478 0.0610657 3752 3828
147.54 0.061554 3828 4288
147.601 0.0615692 4288 3752
147.602 0.000473022 3752 3216
147.724 0.122635 3216 3752
147.785 0.0610657 3752 3828
147.847 0.061554 3828 4288
148.033 0.186523 4288 4824
148.094 0.0610657 4824 5360
148.156 0.061554 5360 5896
148.281 0.125488 5896 4920
148.282 0.000473022 4920 4422
148.283 0.000946045 4422 4288
148.342 0.0592041 4288 4422
148.343 0.000473022 4422 4288
148.344 0.00186157 4288 4422
148.406 0.061554 4422 4824
148.467 0.0606079 4824 5360
148.528 0.061554 5360 5896
148.651 0.12262 5896 6432
148.717 0.0662689 6432 6968
148.779 0.0615845 6968 6432
148.779 0.000473022 6432 6057
148.78 0.000473022 6057 5226
148.78 0.000457764 5226 4824
148.84 0.0601501 4824 5226
149.822 0.981415 5226 5280
149.883 0.0615387 5280 5334
149.885 0.00190735 5334 4288
149.947 0.061554 4288 4798
150.008 0.0610809 4798 3752
150.07 0.0625 3752 4262
150.318 0.24762 4262 3216
150.379 0.061554 3216 3726
150.503 0.123611 3726 2680
150.564 0.0615387 2680 3190
150.626 0.0610962 3190 3280
150.687 0.0615387 3280 3367
150.748 0.0605621 3367 3452
150.75 0.00241089 3452 3535
150.811 0.0610657 3535 3616
150.872 0.0605621 3616 3695
150.874 0.00239563 3695 3772
150.935 0.0610809 3772 3848
150.997 0.0615387 3848 4288
151.057 0.0605927 4288 3752
151.058 0.000976562 3752 3216
151.118 0.0601349 3216 2680
151.119 0.000442505 2680 3216
151.243 0.124084 3216 2680
151.366 0.122635 2680 2787
151.427 0.0615387 2787 2890
151.489 0.061554 2890 2989
151.55 0.0615387 2989 3085
151.612 0.061554 3085 3178
151.673 0.0615387 3178 3268
151.737 0.0639648 3268 2680
151.859 0.122131 2680 2787
151.921 0.0615387 2787 2890
151.983 0.0620422 2890 2144
152.045 0.0615387 2144 2354
152.106 0.061554 2354 2476
152.167 0.0606232 2476 2592
152.168 0.00138855 2592 2702
152.231 0.0625153 2702 2144
152.293 0.0620422 2144 2166
152.353 0.0606384 2166 1608
152.416 0.0624847 1608 2166
152.416 0 2166 2298
152.478 0.0620117 2298 2423
152.663 0.185135 2423 2541
152.664 0.00141907 2541 2654
152.725 0.0605927 2654 2762
152.726 0.00141907 2762 2866
152.788 0.0615387 2866 2966
152.849 0.061554 2966 3062
152.911 0.0615387 3062 3155
152.973 0.061554 3155 3246
153.034 0.0615387 3246 3334
153.095 0.0610809 3334 3420
153.097 0.00190735 3420 2680
153.157 0.0596619 2680 2166
153.157 0.000457764 2166 2144
153.159 0.00141907 2144 2166
153.22 0.0615692 2166 2298
153.281 0.0610657 2298 2423
153.282 0.000946045 2423 2541
153.343 0.0610809 2541 2654
153.344 0.000946045 2654 2762
153.405 0.0610657 2762 2866
153.467 0.061554 2866 2966
153.528 0.0615387 2966 3062
153.59 0.061554 3062 3155
153.651 0.0615387 3155 3246
153.714 0.0624847 3246 3334
153.715 0.000946045 3334 3420
153.778 0.0629883 3420 2680
153.838 0.0596466 2680 2166
153.838 0.000473022 2166 2144
153.839 0.00141907 2144 2166
153.901 0.0615692 2166 2298
153.962 0.0610657 2298 2423
153.963 0.000946045 2423 2541
154.024 0.0610809 2541 2654
154.025 0.000946045 2654 2762
154.086 0.0610657 2762 2866
154.148 0.061554 2866 2966
154.209 0.0615387 2966 3062
154.271 0.061554 3062 3155
154.332 0.0615387 3155 3246
154.394 0.0615387 3246 3334
154.396 0.00189209 3334 3420
154.457 0.0610809 3420 3504
154.519 0.0620117 3504 3585
154.52 0.000946045 3585 3665
154.582 0.0620117 3665 3743
154.644 0.0620422 3743 2680
154.644 0.000473022 2680 2166
154.645 0.000473022 2166 2144
154.705 0.0605927 2144 2166
154.767 0.0615692 2166 2298
154.828 0.0610809 2298 2423
154.829 0.000946045 2423 2541
154.89 0.0610657 2541 2654
154.891 0.000946045 2654 2762
154.953 0.0620117 2762 2866
155.015 0.061554 2866 2966
155.076 0.0615387 2966 3062
155.138 0.061554 3062 3155
155.199 0.0615387 3155 3246
155.262 0.0624847 3246 3334
155.263 0.000946045 3334 3420
155.325 0.062027 3420 3504
155.386 0.0610657 3504 3585
155.388 0.00189209 3585 3665
155.449 0.0610657 3665 3743
155.51 0.0610809 3743 3819
155.512 0.00189209 3819 3894
155.574 0.0620117 3894 4288
155.696 0.12262 4288 4355
155.698 0.00189209 4355 4420
155.76 0.0620117 4420 4824
155.821 0.0610809 4824 5360
155.883 0.0615387 5360 5896
156.005 0.12262 5896 6432
156.067 0.0620422 6432 5896
156.068 0.000473022 5896 5514
156.068 0.000473022 5514 4824
156.193 0.124542 4824 4288
156.194 0.000946045 4288 3752
156.254 0.0606232 3752 4288
156.317 0.0625 4288 3752
156.44 0.123108 3752 4288
156.563 0.12262 4288 4355
156.566 0.00378418 4355 4824
156.628 0.0610657 4824 5360
156.689 0.061554 5360 5896
156.813 0.123566 5896 6432
157.002 0.189346 6432 6968
157.065 0.0629883 6968 6057
157.065 0.000473022 6057 5870
157.066 0.000473022 5870 5226
157.066 0.000473022 5226 4824
157.181 0.114624 4824 4288
157.244 0.0625305 4288 4824
157.248 0.00474548 4824 4288
157.31 0.061554 4288 4824
157.495 0.184723 4824 4288
157.552 0.0569 4288 3752
157.556 0.00468445 3752 4288
157.613 0.0568848 4288 4824
157.927 0.313477 4824 4288
158.06 0.133713 4288 536
158.122 0.0615692 536 1072
158.245 0.123093 1072 1608
158.369 0.124542 1608 1072
158.493 0.123108 1072 1340
158.555 0.062027 1340 1554
158.617 0.0620117 1554 1738
158.679 0.0620117 1738 1903
158.941 0.262024 1903 2053
159.003 0.0620117 2053 2192
159.065 0.0625153 2192 1608
159.126 0.0606232 1608 1072
159.188 0.0624847 1072 1340
159.25 0.0620117 1340 1554
159.312 0.062027 1554 1738
159.374 0.0620117 1738 1903
159.436 0.061554 1903 2053
159.497 0.0615387 2053 2192
159.559 0.061554 2192 2323
159.56 0.000930786 2323 2446
159.621 0.0610809 2446 2563
159.622 0.000946045 2563 2675
159.683 0.0610657 2675 2782
159.684 0.000946045 2782 2885
159.746 0.062027 2885 2984
159.808 0.0615387 2984 3080
159.869 0.061554 3080 3173
159.931 0.0615387 3173 3263
159.992 0.0615387 3263 3351
160.053 0.0610962 3351 2680
160.054 0.000473022 2680 2144
160.054 0.000473022 2144 1608
160.055 0.000488281 1608 1072
160.176 0.121674 1072 1340
161.176 1 1340 536
161.499 0.32309 536 1072
161.685 0.185181 1072 536
161.746 0.0615387 536 1072
161.746 0 1072 1340
161.808 0.0620117 1340 1554
162.808 1 1554 536
163.131 0.32309 536 1072
163.193 0.062027 1072 1340
163.255 0.0620117 1340 1554
163.317 0.062027 1554 1738
163.379 0.0620117 1738 1903
163.441 0.0615387 1903 2053
163.502 0.061554 2053 2192
163.564 0.0615387 2192 2323
163.565 0.000946045 2323 2446
163.626 0.0610809 2446 2563
163.627 0.000946045 2563 2675
163.688 0.0610657 2675 2782
163.689 0.000946045 2782 2885
163.751 0.0620117 2885 2984
163.813 0.061554 2984 3080
163.874 0.0615387 3080 3173
163.936 0.061554 3173 3263
163.997 0.0615387 3263 3351
164.058 0.0610809 3351 3436
164.06 0.00187683 3436 3519
164.121 0.0610809 3519 3600
164.182 0.0610657 3600 3679
164.245 0.0625153 3679 2680
164.305 0.0606384 2680 2144
164.306 0.000473022 2144 1608
164.306 0.000473022 1608 1072
164.429 0.123093 1072 1340
164.491 0.0620117 1340 1554
164.553 0.062027 1554 1738
164.616 0.0620117 1738 1903
164.677 0.061554 1903 2053
164.739 0.0615387 2053 2192
164.8 0.0615387 2192 2323
164.862 0.062027 2323 2446
164.924 0.0620117 2446 2563
164.925 0.000946045 2563 2675
164.986 0.0610809 2675 2782
164.987 0.000930786 2782 2885
165.049 0.062027 2885 2984
165.111 0.0615387 2984 3080
165.172 0.061554 3080 3173
165.234 0.0615387 3173 3263
165.295 0.061554 3263 3351
165.356 0.0610657 3351 3436
165.358 0.00189209 3436 3519
165.419 0.0610657 3519 3600
165.48 0.0610809 3600 3679
165.482 0.00189209 3679 3757
165.543 0.0610657 3757 3833
165.605 0.061554 3833 4288
165.667 0.0615387 4288 4355
165.79 0.123093 4355 4824
165.792 0.00283813 4824 5360
165.854 0.0620117 5360 5896
165.914 0.0596771 5896 5360
165.915 0.000473022 5360 4969
165.915 0.000473022 4969 4422
165.916 0.000473022 4422 4288
165.976 0.0605927 4288 4422
166.038 0.0615692 4422 4824
166.099 0.0610809 4824 5360
166.16 0.0615387 5360 5896
166.226 0.0657959 5896 6432
166.346 0.119812 6432 5896
166.346 0.000457764 5896 5514
166.347 0.000473022 5514 4824
166.469 0.121704 4824 5360
166.596 0.127319 5360 5896
166.657 0.0610657 5896 6432
166.72 0.0629883 6432 5896
166.721 0.000961304 5896 5514
166.777 0.056366 5514 4824
166.844 0.0662689 4824 5360
166.905 0.061554 5360 5896
166.966 0.0610657 5896 6432
167.028 0.061554 6432 6968
167.148 0.120743 6968 6057
167.149 0.000473022 6057 5870
167.149 0.000473022 5870 5226
167.15 0.000473022 5226 4824
167.21 0.0601349 4824 5226
167.216 0.00614929 5226 5360
167.278 0.0615387 5360 5896
167.338 0.0606232 5896 5360
167.339 0.000473022 5360 5226
167.339 0.000473022 5226 4824
167.4 0.0606079 4824 5226
167.461 0.0610657 5226 5360
167.588 0.126877 5360 5896
167.649 0.0615387 5896 6432
167.711 0.0615387 6432 6968
167.834 0.12262 6968 7504
167.897 0.0639343 7504 6968
167.898 0.000473022 6968 6600
167.956 0.0577698 6600 6416
167.956 0.000473022 6416 5628
167.957 0.000473022 5628 5360
167.961 0.00422668 5360 5628
168.022 0.061554 5628 5896
168.083 0.0601349 5896 6432
168.144 0.061554 6432 6968
