Waf: Entering directory `/home/anon/tarball/ns-allinone-3.35/ns-3.35/build'
Waf: Leaving directory `/home/anon/tarball/ns-allinone-3.35/ns-3.35/build'
Build commands will be stored in build/compile_commands.json
'build' finished successfully (0.546s)
0.0602784 0.0602784 0 5360
0.121867 0.0615888 5360 5896
0.122811 0.000943996 5896 6432
0.123755 0.000944003 6432 6968
0.124699 0.000943996 6968 7504
0.125643 0.000943996 7504 8040
0.183413 0.0577696 8040 8576
0.184357 0.000943989 8576 9112
0.185301 0.000944003 9112 9648
0.187189 0.00188801 9648 10184
0.188133 0.000943989 10184 10720
0.189077 0.000944003 10720 11256
0.244958 0.0558816 11256 10184
0.560258 0.315299 10184 9648
0.682443 0.122186 9648 9112
1.29745 0.615003 9112 8576
1.48965 0.192208 8576 8040
1.61229 0.122638 8040 8576
1.67527 0.0629809 8576 8040
1.73591 0.06064 8040 7504
1.73684 0.000924706 7504 8040
1.859 0.122167 8040 8576
1.97403 0.115029 8576 8040
2.09622 0.122186 8040 7504
2.10764 0.0114238 7504 6968
2.1578 0.0501602 6968 7504
2.16921 0.0114048 7504 8040
2.21941 0.0501983 8040 7504
2.28097 0.0615649 7504 8040
2.64993 0.368955 8040 7504
2.71149 0.0615647 7504 8040
2.83747 0.125981 8040 7504
2.89813 0.0606592 7504 6968
2.89906 0.000924826 6968 7504
2.9597 0.0606401 7504 8040
2.97165 0.0119584 8040 536
3.29475 0.323091 536 1072
3.35676 0.0620174 1072 1608
3.48036 0.123602 1608 1072
3.60346 0.123091 1072 1340
3.66547 0.0620177 1340 1554
3.72749 0.0620174 1554 1738
3.78951 0.0620177 1738 1903
3.85105 0.0615456 1903 2053
3.9126 0.0615456 2053 2192
3.97415 0.0615456 2192 2323
4.03618 0.0620368 2323 1608
4.03667 0.000491142 1608 1072
4.15929 0.122619 1072 1340
4.22131 0.0620179 1340 1554
4.28333 0.0620174 1554 1738
4.40787 0.124546 1738 1072
4.65413 0.246259 1072 536
5.79251 1.13838 536 1072
5.85453 0.0620174 1072 1340
5.91655 0.0620174 1340 1554
5.97856 0.0620179 1554 1738
6.04058 0.0620174 1738 1903
6.10213 0.0615458 1903 2053
6.16367 0.0615454 2053 2192
6.22522 0.0615458 2192 2323
6.22616 0.000943661 2323 2446
6.28724 0.0610738 2446 2563
6.28818 0.000944138 2563 2675
6.34925 0.0610733 2675 2782
6.3502 0.000944138 2782 2885
6.41221 0.0620174 2885 2984
6.47376 0.0615458 2984 3080
6.53531 0.0615454 3080 3173
6.59685 0.0615458 3173 3263
6.6584 0.0615454 3263 3351
6.71947 0.0610738 3351 3436
6.72136 0.0018878 3436 3519
6.78243 0.0610738 3519 3600
6.84351 0.0610733 3600 3679
6.84539 0.00188828 3679 3757
6.90647 0.0610738 3757 3833
6.96756 0.0610924 3833 3216
6.96803 0.000472069 3216 2680
6.9685 0.000472069 2680 2144
6.96947 0.000963211 2144 1608
6.96994 0.000472069 1608 1072
7.09067 0.120731 1072 1340
7.15269 0.0620174 1340 1554
7.21471 0.0620174 1554 1738
7.27672 0.0620179 1738 1903
7.33827 0.0615454 1903 2053
7.39981 0.0615458 2053 2192
7.46136 0.0615454 2192 2323
7.4623 0.000944138 2323 2446
7.52338 0.0610733 2446 2563
7.52432 0.000944138 2563 2675
7.5854 0.0610738 2675 2782
7.58634 0.000943661 2782 2885
7.64836 0.0620179 2885 2984
7.7099 0.0615454 2984 3080
7.77145 0.0615458 3080 3173
7.83299 0.0615454 3173 3263
7.89454 0.0615458 3263 3351
7.95561 0.0610733 3351 3436
7.9575 0.00188828 3436 3519
8.01857 0.0610738 3519 3600
8.01952 0.000944138 3600 3679
8.08154 0.0620174 3679 3757
8.14261 0.0610733 3757 3833
8.20416 0.0615454 3833 4288
8.39068 0.186525 4288 4824
8.45319 0.0625086 4824 4288
8.45366 0.000472069 4288 3874
8.45413 0.000472069 3874 3618
8.4546 0.000472069 3618 3216
8.51521 0.0606012 3216 3618
8.57677 0.0615644 3618 3752
8.63928 0.0625095 3752 3216
8.76381 0.124526 3216 3305
8.82394 0.0601301 3305 3391
8.82677 0.00283146 3391 3475
8.88784 0.0610733 3475 3557
8.94797 0.0601301 3557 3637
8.9508 0.00283146 3637 3715
9.01188 0.0610743 3715 3792
9.07201 0.0601292 3792 3867
9.13355 0.0615454 3867 4288
9.1951 0.0615463 4288 4824
9.25995 0.0648489 4824 5360
9.32151 0.0615654 5360 4824
9.32198 0.000472069 4824 4422
9.32246 0.000472069 4422 4020
9.38023 0.0577688 4020 3752
9.38306 0.00283241 3752 4020
9.44415 0.0610924 4020 4288
9.50475 0.0606022 4288 3752
9.62739 0.122639 3752 4288
9.68896 0.0615644 4288 3752
9.7543 0.065341 3752 4288
9.81584 0.0615454 4288 4824
9.87692 0.0610733 4824 5360
9.93846 0.0615454 5360 5896
10.063 0.124527 5896 5360
10.0635 0.000472069 5360 4969
10.0639 0.000472069 4969 4422
10.0644 0.000472069 4422 4288
10.1255 0.0610733 4288 4422
10.187 0.0615644 4422 4824
10.3097 0.12262 4824 5360
10.3712 0.0615644 5360 4824
10.3717 0.000472069 4824 4422
10.3722 0.000472069 4422 4288
10.3741 0.00190735 4288 3752
10.4328 0.0587139 3752 4422
10.4337 0.000943184 4422 4288
10.4356 0.00188828 4288 4422
10.4972 0.0615654 4422 4824
10.5588 0.0615644 4824 4288
10.6823 0.123582 4288 4824
10.7425 0.0601301 4824 4288
10.8656 0.123111 4288 4824
10.9266 0.0610733 4824 5360
10.9882 0.0615454 5360 5896
11.054 0.065794 5896 6432
11.1766 0.122619 6432 6968
11.2377 0.0610743 6968 7504
11.2992 0.0615454 7504 8040
11.4256 0.126414 8040 7504
11.4261 0.000472069 7504 7142
11.4266 0.000472069 7142 6961
11.4271 0.000472069 6961 6030
11.4825 0.0554094 6030 5896
11.7908 0.308315 5896 5360
11.8519 0.0611305 5360 4824
11.8524 0.000452995 4824 5360
11.9135 0.0611315 5360 5896
11.914 0.000472069 5896 5360
11.9755 0.0615644 5360 5896
12.0381 0.0625477 5896 5360
12.0996 0.0615644 5360 5896
12.3488 0.249129 5896 5360
12.4103 0.0615654 5360 5896
12.4237 0.0133934 5896 536
12.7468 0.323092 536 1072
12.8088 0.0620174 1072 1608
12.8709 0.0620174 1608 2144
12.9324 0.0615454 2144 2680
12.9333 0.000944138 2680 3216
12.9944 0.0610733 3216 3752
12.9954 0.000944138 3752 4288
12.9963 0.000944138 4288 4824
13.0564 0.0601301 4824 5360
13.1218 0.06534 5360 4824
13.3662 0.244371 4824 4288
13.4277 0.0615654 4288 4824
14.1064 0.678648 4824 4288
14.1199 0.0135088 4288 536
14.443 0.323091 536 1072
14.505 0.0620174 1072 1608
14.567 0.0620184 1608 2144
14.6285 0.0615454 2144 2680
14.6295 0.000944138 2680 3216
14.6906 0.0610733 3216 3752
14.6915 0.000944138 3752 3828
14.8766 0.185128 3828 3216
14.9382 0.0615454 3216 3292
15.0608 0.122639 3292 3379
15.0636 0.00281239 3379 3464
15.1238 0.0601492 3464 3546
15.1849 0.0610733 3546 3627
15.1877 0.00281239 3627 3706
15.2478 0.0601492 3706 3783
15.3089 0.0610733 3783 3858
15.3705 0.0615654 3858 3216
15.433 0.0625277 3216 2680
15.4945 0.0615644 2680 3216
15.7409 0.246336 3216 2680
15.8025 0.0615845 2680 3216
15.8029 0.000472069 3216 2680
15.8645 0.0615644 2680 3216
16.2955 0.43103 3216 2680
16.3098 0.0142994 2680 536
16.3714 0.0615654 536 1072
16.4945 0.123091 1072 1608
16.5565 0.0620174 1608 2144
16.5565 0 2144 2278
16.6181 0.0615463 2278 2404
16.6801 0.0620365 2404 1608
16.7416 0.0615444 1608 1868
16.8027 0.0610943 1868 2021
16.8643 0.0615444 2021 2163
16.9258 0.0615463 2163 2295
16.9268 0.000944138 2295 2420
16.9878 0.0610733 2420 2538
16.9888 0.000944138 2538 2651
17.0499 0.0610733 2651 2759
17.0508 0.000944138 2759 2863
17.1128 0.0620174 2863 2963
17.1744 0.0615463 2963 3059
17.2359 0.0615444 3059 3152
17.3585 0.122639 3152 1868
17.359 0.000492096 1868 1608
17.4201 0.0610542 1608 1868
17.4211 0.000963211 1868 2021
17.4826 0.0615444 2021 2163
17.5441 0.0615463 2163 2295
17.5451 0.000944138 2295 2420
17.6062 0.0610733 2420 2538
17.6071 0.000944138 2538 2651
17.6682 0.0610733 2651 2759
17.6691 0.000944138 2759 2863
17.7311 0.0620174 2863 2963
17.7927 0.0615463 2963 3059
17.8542 0.0615444 3059 3152
17.9158 0.0615463 3152 3243
17.9773 0.0615463 3243 3331
18.0384 0.0610733 3331 3417
18.0403 0.00188828 3417 3501
18.1014 0.0610733 3501 3583
18.1624 0.0610733 3583 3663
18.1643 0.00188828 3663 3741
18.2254 0.0610733 3741 3817
18.2865 0.0610733 3817 3892
18.348 0.0615463 3892 4288
18.4744 0.126413 4288 3752
18.5331 0.0587139 3752 3216
18.5351 0.00192642 3216 2680
18.536 0.000925064 2680 3216
18.6582 0.122166 3216 3752
18.7192 0.0610752 3752 3828
18.7822 0.0629997 3828 3216
18.7827 0.000471115 3216 2680
18.8438 0.0610924 2680 3216
18.9674 0.123583 3216 3305
19.028 0.0606022 3305 2680
19.0895 0.0615654 2680 2769
19.0905 0.000963211 2769 2144
19.8308 0.740269 2144 1608
19.8923 0.0615654 1608 2144
20.0895 0.197203 2144 536
20.4126 0.32309 536 1072
20.4747 0.0620174 1072 1608
20.4747 0 1608 1786
20.5367 0.0620193 1786 1946
20.5982 0.0615444 1946 2093
20.6598 0.0615463 2093 2230
20.7213 0.0615444 2230 2358
20.7223 0.000944138 2358 2479
20.7833 0.0610733 2479 2594
20.7843 0.000944138 2594 2704
20.8453 0.0610752 2704 2810
20.9069 0.0615444 2810 2912
20.9684 0.0615463 2912 3010
21.03 0.0615444 3010 3105
21.0915 0.0615463 3105 3197
21.3545 0.262962 3197 3286
21.4165 0.0620174 3286 3373
21.4184 0.00188828 3373 3458
21.4795 0.0610733 3458 3541
21.5405 0.0610733 3541 3622
21.5424 0.00188828 3622 3701
21.6035 0.0610733 3701 3778
21.6646 0.0610733 3778 3854
21.667 0.00237846 3854 3752
21.7261 0.0591869 3752 3216
21.7266 0.000471115 3216 2680
21.7276 0.000963211 2680 2252
21.728 0.000473022 2252 1608
21.7294 0.00139618 1608 1786
21.791 0.0615463 1786 1946
21.8525 0.0615444 1946 2093
22.1146 0.262018 2093 2230
22.1766 0.0620174 2230 2358
22.1775 0.000944138 2358 2479
22.2386 0.0610733 2479 2594
22.2395 0.000944138 2594 2704
22.3006 0.0610733 2704 2810
22.3622 0.0615463 2810 2912
22.4242 0.0620365 2912 2144
22.4252 0.000963211 2144 1608
22.5468 0.121675 1608 1786
22.6084 0.0615444 1786 1946
22.6699 0.0615463 1946 2093
22.7315 0.0615463 2093 2230
22.793 0.0615444 2230 2358
22.794 0.000944138 2358 2479
22.855 0.0610733 2479 2594
22.856 0.000944138 2594 2704
22.917 0.0610733 2704 2810
22.9786 0.0615463 2810 2912
23.0411 0.0625095 2912 2144
23.0416 0.000471115 2144 1608
23.1637 0.122166 1608 1786
23.2253 0.0615463 1786 1946
23.2868 0.0615463 1946 2093
23.3484 0.0615444 2093 2230
23.4099 0.0615463 2230 2358
23.4109 0.000944138 2358 2479
23.4719 0.0610733 2479 2594
23.4729 0.000944138 2594 2704
23.534 0.0610733 2704 2810
23.5955 0.0615463 2810 2912
23.657 0.0615444 2912 3010
23.72 0.0630016 3010 1608
23.8417 0.121674 1608 1786
23.9033 0.0615463 1786 1946
23.9648 0.0615463 1946 2093
24.0264 0.0615444 2093 2230
24.0888 0.0624905 2230 2358
24.1509 0.0620174 2358 2479
24.1518 0.000944138 2479 2594
24.2129 0.0610733 2594 2704
24.2138 0.000944138 2704 2810
24.2758 0.0620174 2810 2912
24.3374 0.0615463 2912 3010
24.3989 0.0615444 3010 3105
24.4605 0.0615463 3105 3197
24.522 0.0615444 3197 3286
25.523 1.00094 3286 536
25.8461 0.323092 536 1072
25.9081 0.0620174 1072 1608
25.9081 0 1608 1786
25.9701 0.0620174 1786 1946
26.0942 0.124075 1946 1072
26.1557 0.0615444 1072 1410
26.2173 0.0615654 1410 1613
26.3418 0.124546 1613 1072
26.4034 0.0615444 1072 1077
26.4649 0.0615654 1077 1343
26.527 0.0620174 1343 1556
26.589 0.0620174 1556 1740
26.651 0.0620174 1740 1905
26.7125 0.0615463 1905 2055
26.7741 0.0615463 2055 2194
26.8356 0.0615444 2194 2324
26.8366 0.000944138 2324 2447
26.8976 0.0610733 2447 2564
27.0208 0.123131 2564 1608
27.0212 0.000471115 1608 1077
27.0217 0.000473022 1077 1072
27.0823 0.0606003 1072 1077
27.1439 0.0615463 1077 1343
27.2059 0.0620174 1343 1556
27.2679 0.0620174 1556 1740
27.3299 0.0620174 1740 1905
27.3915 0.0615463 1905 2055
27.453 0.0615444 2055 2194
27.5146 0.0615463 2194 2324
27.5155 0.000944138 2324 2447
27.5766 0.0610733 2447 2564
27.6386 0.0620365 2564 1608
27.6391 0.000492096 1608 1077
27.6997 0.0606003 1077 1072
27.7002 0.000453949 1072 1077
27.7617 0.0615635 1077 1343
27.9469 0.185167 1343 536
28.0084 0.0615463 536 1072
28.0084 0 1072 1340
28.0705 0.0620174 1340 1554
28.1325 0.0620174 1554 1738
28.395 0.262489 1738 1903
28.457 0.0620174 1903 2053
28.5185 0.0615463 2053 2192
28.5801 0.0615444 2192 2323
28.581 0.000944138 2323 2446
28.6421 0.0610733 2446 2563
28.7041 0.0620384 2563 1608
28.7046 0.000490189 1608 1072
28.9504 0.245749 1072 536
29.0119 0.0615463 536 1072
29.0119 0 1072 1340
29.0739 0.0620174 1340 1554
29.1359 0.0620174 1554 1738
29.198 0.0620174 1738 1903
29.2595 0.0615463 1903 2053
29.3211 0.0615444 2053 2192
29.3826 0.0615463 2192 2323
29.3835 0.000944138 2323 2446
29.4446 0.0610733 2446 2563
29.5067 0.0620365 2563 1608
29.5071 0.000492096 1608 1072
29.6298 0.122618 1072 1340
29.6918 0.0620193 1340 1554
29.7538 0.0620174 1554 1738
29.8158 0.0620174 1738 1903
29.8774 0.0615444 1903 2053
29.9389 0.0615463 2053 2192
30.0005 0.0615463 2192 2323
30.0014 0.00094223 2323 2446
30.0625 0.0610752 2446 2563
30.0634 0.000944138 2563 2675
30.1245 0.0610733 2675 2782
30.1254 0.000944138 2782 2885
30.1874 0.0620174 2885 2984
30.249 0.0615444 2984 3080
30.3105 0.0615463 3080 3173
30.3721 0.0615463 3173 3263
30.4336 0.0615444 3263 3351
30.4947 0.0610733 3351 3436
30.4966 0.00188828 3436 3519
30.5577 0.0610733 3519 3600
30.6187 0.0610752 3600 3679
30.6206 0.00188637 3679 3757
30.6817 0.0610752 3757 3833
30.7432 0.0615444 3833 4288
30.8687 0.125452 4288 4824
30.9298 0.0610733 4824 5360
30.9923 0.0625076 5360 4824
30.9928 0.000473022 4824 4422
30.9932 0.000471115 4422 4020
31.051 0.0577698 4020 3752
31.0538 0.00283241 3752 4020
31.1154 0.0615463 4020 4288
31.2991 0.183712 4288 3752
31.4217 0.122639 3752 4288
31.5458 0.124054 4288 3752
31.9141 0.368368 3752 3216
32.0373 0.12311 3216 2680
32.0401 0.00286865 2680 2144
32.0988 0.0586967 2144 2680
32.1628 0.063942 2680 2787
32.2243 0.0615463 2787 2890
32.2859 0.0615463 2890 2989
32.3474 0.0615463 2989 3085
32.4089 0.0615463 3085 3178
32.4705 0.0615425 3178 3268
32.532 0.0615463 3268 3355
32.5921 0.0600929 3355 3440
32.595 0.00286865 3440 3523
32.6561 0.0610733 3523 3604
32.7162 0.0600929 3604 3683
32.719 0.00286865 3683 3761
32.7801 0.0610733 3761 3837
32.8421 0.0620384 3837 3216
32.8426 0.000473022 3216 2680
32.9638 0.121201 2680 2144
33.0254 0.0615654 2144 2680
33.0874 0.0620575 2680 2144
33.3953 0.307861 2144 1608
33.4569 0.0615654 1608 2144
34.0254 0.568516 2144 536
34.3485 0.323093 536 1072
34.61 0.261543 1072 1608
34.7332 0.123131 1608 1072
34.8562 0.123093 1072 1340
34.9183 0.0620155 1340 1554
34.9803 0.0620193 1554 1738
35.0423 0.0620155 1738 1903
35.1038 0.0615463 1903 2053
35.1654 0.0615463 2053 2192
35.2269 0.0615463 2192 2323
35.2279 0.00094223 2323 2446
35.2889 0.0610733 2446 2563
35.2899 0.000946045 2563 2675
35.351 0.0610733 2675 2782
35.4135 0.0625076 2782 2144
35.4741 0.0606194 2144 1608
35.4746 0.000473022 1608 1072
35.6602 0.185619 1072 536
35.7217 0.0615463 536 1072
35.7217 0 1072 1340
35.7838 0.0620155 1340 1554
35.8458 0.0620193 1554 1738
35.9078 0.0620193 1738 1903
35.9693 0.0615425 1903 2053
36.0309 0.0615463 2053 2192
36.0924 0.0615463 2192 2323
36.0934 0.00094223 2323 2446
36.1544 0.0610771 2446 2563
36.1554 0.00094223 2563 2675
36.2165 0.0610733 2675 2782
36.2174 0.000946045 2782 2885
36.2794 0.0620155 2885 2984
36.4016 0.122166 2984 2144
36.4021 0.000473022 2144 1608
36.4025 0.000492096 1608 1072
36.5247 0.122128 1072 1340
36.5867 0.0620155 1340 1554
36.6487 0.0620193 1554 1738
36.7107 0.0620193 1738 1903
36.7723 0.0615425 1903 2053
37.0343 0.26202 2053 2192
37.0963 0.0620155 2192 2323
37.0973 0.000946045 2323 2446
37.1583 0.0610733 2446 2563
37.1593 0.00094223 2563 2675
37.2203 0.0610733 2675 2782
37.2213 0.000946045 2782 2885
37.2833 0.0620155 2885 2984
37.3449 0.0615463 2984 3080
37.4064 0.0615463 3080 3173
37.4679 0.0615463 3173 3263
37.53 0.0620346 3263 2680
37.5305 0.000473022 2680 2144
37.5906 0.0601501 2144 1608
37.5911 0.000469208 1608 1072
37.6536 0.0624924 1072 1340
37.7156 0.0620155 1340 1554
37.7776 0.0620193 1554 1738
37.8396 0.0620155 1738 1903
37.9012 0.0615463 1903 2053
37.9627 0.0615463 2053 2192
38.0243 0.0615463 2192 2323
38.0252 0.00094223 2323 2446
38.0863 0.0610733 2446 2563
38.0872 0.000946045 2563 2675
38.1483 0.0610733 2675 2782
38.1492 0.00094223 2782 2885
38.2112 0.0620193 2885 2984
38.2728 0.0615463 2984 3080
38.3343 0.0615425 3080 3173
38.3959 0.0615463 3173 3263
38.4584 0.0625114 3263 2680
38.5181 0.0596542 2680 2144
38.5185 0.000473022 2144 1608
38.519 0.000492096 1608 1072
38.5815 0.0624886 1072 1340
38.8431 0.261547 1340 1554
39.8431 1 1554 536
40.1661 0.32309 536 1072
40.2282 0.0620193 1072 1340
40.2902 0.0620155 1340 1554
40.4753 0.185169 1554 536
40.5369 0.0615425 536 1072
40.5369 0 1072 1340
41.5369 1 1340 536
41.86 0.323093 536 1072
41.922 0.0620155 1072 1340
42.1072 0.185169 1340 536
42.1687 0.0615425 536 1072
42.1687 0 1072 1340
42.2307 0.0620193 1340 1554
42.2927 0.0620193 1554 1738
42.3548 0.0620155 1738 1903
42.4163 0.0615463 1903 2053
42.4779 0.0615463 2053 2192
42.5394 0.0615425 2192 2323
42.5403 0.000946045 2323 2446
42.6014 0.0610733 2446 2563
42.6024 0.00094223 2563 2675
42.6634 0.0610771 2675 2782
42.6644 0.00094223 2782 2885
42.7264 0.0620193 2885 2984
42.7879 0.0615425 2984 3080
42.8495 0.0615463 3080 3173
42.911 0.0615463 3173 3263
42.9726 0.0615463 3263 3351
42.9745 0.00188828 3351 3436
43.0355 0.0610733 3436 3519
43.0966 0.0610733 3519 3600
43.1591 0.0625076 3600 2680
43.1596 0.000473022 2680 2144
43.2197 0.0601501 2144 1608
43.2202 0.000469208 1608 1072
44.2211 1.00093 1072 536
44.5442 0.32309 536 1072
44.6062 0.0620193 1072 1340
44.6683 0.0620155 1340 1554
44.7303 0.0620193 1554 1738
44.7923 0.0620155 1738 1903
44.8538 0.0615463 1903 2053
44.9154 0.0615463 2053 2192
44.9769 0.0615463 2192 2323
44.9779 0.00094223 2323 2446
45.039 0.0610733 2446 2563
45.0399 0.000946045 2563 2675
45.101 0.0610733 2675 2782
45.1019 0.00094223 2782 2885
45.1639 0.0620193 2885 2984
45.2255 0.0615654 2984 2144
45.226 0.000469208 2144 1608
45.2861 0.0601501 1608 1072
45.3486 0.0624886 1072 1340
45.4106 0.0620193 1340 1554
45.4726 0.0620155 1554 1738
45.5347 0.0620193 1738 1903
45.5962 0.0615463 1903 2053
45.6578 0.0615463 2053 2192
45.7193 0.0615425 2192 2323
45.7202 0.000946045 2323 2446
45.7813 0.0610733 2446 2563
45.7823 0.00094223 2563 2675
45.8433 0.0610733 2675 2782
45.8443 0.000946045 2782 2885
45.9068 0.0625076 2885 2680
45.9674 0.0606232 2680 2144
45.9679 0.000469208 2144 1608
45.9683 0.000453949 1608 1072
45.9693 0.000946045 1072 1340
46.0308 0.0615425 1340 1554
46.0928 0.0620193 1554 1738
46.1549 0.0620155 1738 1903
46.2164 0.0615463 1903 2053
46.278 0.0615463 2053 2192
46.3395 0.0615463 2192 2323
46.3404 0.00094223 2323 2446
46.4025 0.0620193 2446 2563
46.4645 0.0620155 2563 2675
46.4654 0.000946045 2675 2782
46.5265 0.0610733 2782 2885
46.588 0.0615463 2885 2984
46.6496 0.0615463 2984 3080
46.7121 0.0624886 3080 3173
46.7736 0.0615463 3173 3263
46.8366 0.0629807 3263 2680
46.8371 0.000469208 2680 2144
46.8972 0.0601501 2144 1608
46.8977 0.000473022 1608 1072
46.9602 0.0624886 1072 1340
47.0222 0.0620193 1340 1554
47.0842 0.0620155 1554 1738
47.1462 0.0620193 1738 1903
47.2078 0.0615425 1903 2053
47.2693 0.0615463 2053 2192
47.3318 0.0625114 2192 1608
47.3925 0.0606194 1608 1072
47.4549 0.0624886 1072 1340
47.6401 0.185169 1340 536
47.7017 0.0615425 536 1072
47.7017 0 1072 1340
47.7637 0.0620193 1340 1554
47.8257 0.0620155 1554 1738
47.8877 0.0620193 1738 1903
48.0118 0.124073 1903 1072
48.1349 0.123112 1072 1340
48.1969 0.0620155 1340 1554
48.2589 0.0620193 1554 1738
48.3209 0.0620155 1738 1903
48.3825 0.0615463 1903 2053
48.444 0.0615463 2053 2192
48.5056 0.0615463 2192 2323
48.5065 0.00094223 2323 2446
48.5676 0.0610733 2446 2563
48.5685 0.000946045 2563 2675
48.6296 0.0610733 2675 2782
48.6306 0.00094223 2782 2885
48.6926 0.0620193 2885 2984
48.7541 0.0615463 2984 3080
48.8157 0.0615463 3080 3173
48.9378 0.122147 3173 3263
48.9994 0.0615425 3263 3351
49.0013 0.00188828 3351 3436
49.1229 0.121696 3436 2680
49.1234 0.000473022 2680 2144
49.1244 0.000961304 2144 1608
49.1249 0.000473022 1608 1072
49.246 0.121181 1072 1340
49.3081 0.0620193 1340 1554
49.3701 0.0620193 1554 1738
49.4937 0.1236 1738 1072
49.6168 0.123093 1072 1340
49.6788 0.0620155 1340 1554
49.7408 0.0620193 1554 1738
49.8028 0.0620155 1738 1903
49.8644 0.0615463 1903 2053
49.9259 0.0615463 2053 2192
49.9875 0.0615463 2192 2323
49.9884 0.00094223 2323 2446
50.0495 0.0610733 2446 2563
50.0504 0.000946045 2563 2675
50.1115 0.0610733 2675 2782
50.1124 0.00094223 2782 2885
50.1745 0.0620193 2885 2984
50.236 0.0615654 2984 2144
50.2365 0.000469208 2144 1608
50.2966 0.0601501 1608 1072
50.3591 0.0624886 1072 1340
50.4211 0.0620193 1340 1554
50.4832 0.0620155 1554 1738
50.5452 0.0620193 1738 1903
50.6067 0.0615463 1903 2053
50.6683 0.0615425 2053 2192
50.7298 0.0615463 2192 2323
50.7308 0.000946045 2323 2446
50.7918 0.0610733 2446 2563
50.7928 0.00094223 2563 2675
50.8539 0.0610733 2675 2782
50.9159 0.0620384 2782 2144
50.9164 0.000473022 2144 1608
50.9168 0.000469208 1608 1072
51.039 0.122169 1072 1340
51.101 0.0620155 1340 1554
51.163 0.0620193 1554 1738
51.2251 0.0620155 1738 1903
51.2866 0.0615463 1903 2053
51.3481 0.0615463 2053 2192
51.4097 0.0615463 2192 2323
51.4106 0.00094223 2323 2446
51.5338 0.123131 2446 1608
51.5342 0.000473022 1608 1072
51.6569 0.122616 1072 1340
51.842 0.185169 1340 536
51.9036 0.0615463 536 1072
51.9036 0 1072 1340
51.9656 0.0620155 1340 1554
52.0276 0.0620193 1554 1738
52.2901 0.262489 1738 1903
52.3521 0.0620155 1903 2053
52.4137 0.0615463 2053 2192
52.4752 0.0615463 2192 2323
52.4761 0.00094223 2323 2446
52.5372 0.0610733 2446 2563
52.5382 0.000946045 2563 2675
52.5992 0.0610733 2675 2782
52.6002 0.00094223 2782 2885
52.6622 0.0620193 2885 2984
52.7237 0.0615463 2984 3080
52.7853 0.0615463 3080 3173
52.8468 0.0615425 3173 3263
52.9084 0.0615463 3263 3351
52.9695 0.0610733 3351 3436
52.9713 0.00188828 3436 3519
53.0324 0.0610733 3519 3600
53.0935 0.0610733 3600 3679
53.0954 0.00188828 3679 3757
53.1555 0.0601311 3757 3833
53.2171 0.0615463 3833 4288
53.2786 0.0615654 4288 3801
53.2791 0.000469208 3801 3216
53.343 0.0639076 3216 3305
53.405 0.0620155 3305 3391
53.4064 0.00141525 3391 3475
53.468 0.0615463 3475 3557
53.529 0.0610733 3557 3637
53.5309 0.00188828 3637 3715
53.592 0.0610733 3715 3792
53.6531 0.0610733 3792 3867
53.7146 0.0615463 3867 4288
53.8401 0.125454 4288 4824
53.9012 0.0610733 4824 5360
53.9636 0.0624886 5360 5896
54.0853 0.121674 5896 6432
54.2117 0.126415 6432 5896
54.2122 0.000473022 5896 5514
54.2127 0.000473022 5514 4824
54.3348 0.122166 4824 5360
54.5185 0.183674 5360 5896
54.5796 0.0610733 5896 6432
54.6411 0.0615463 6432 6968
54.7079 0.0667343 6968 7504
54.8305 0.12262 7504 8040
54.8897 0.0592041 8040 7504
54.8902 0.000473022 7504 7142
54.8906 0.000473022 7142 6961
54.8911 0.000473022 6961 6030
54.8916 0.000469208 6030 5896
54.9512 0.0596581 5896 6030
55.0123 0.0610924 6030 6432
55.0739 0.0615463 6432 6968
55.1411 0.0672112 6968 6432
55.1416 0.000473022 6432 6030
55.142 0.000469208 6030 5896
55.198 0.0559196 5896 5360
55.2027 0.00470352 5360 6030
55.2036 0.00094223 6030 5896
55.2595 0.0559006 5896 6030
55.2647 0.00521088 6030 5896
55.2652 0.000473022 5896 5494
55.2661 0.00094223 5494 5360
55.3253 0.0591888 5360 5494
55.3263 0.00094223 5494 5360
55.3281 0.00188828 5360 5494
55.4503 0.122147 5494 5896
55.5109 0.0606003 5896 6432
55.5137 0.00285339 6432 5896
55.5142 0.000473022 5896 5494
55.5147 0.000469208 5494 5360
55.5758 0.0610733 5360 5494
55.6984 0.122639 5494 5896
55.7599 0.0615273 5896 6432
55.8215 0.0615463 6432 6968
55.9441 0.122639 6968 6432
55.9446 0.000473022 6432 6093
55.9451 0.000469208 6093 5494
55.9455 0.000473022 5494 5360
56.0057 0.0601311 5360 5494
56.0672 0.0615654 5494 5896
56.1288 0.0615616 5896 5360
56.2547 0.125923 5360 4824
56.3177 0.0629997 4824 4288
56.3774 0.0597343 4288 3752
56.3793 0.0018692 3752 4288
56.4362 0.0568848 4288 3752
56.439 0.00283051 3752 4288
56.4978 0.0587349 4288 4824
56.7469 0.249111 4824 4288
56.8084 0.0615616 4288 4824
56.9292 0.120811 4824 4288
56.9908 0.0615616 4288 4824
57.2514 0.260616 4824 536
57.5745 0.323093 536 1072
57.6365 0.0620155 1072 1608
57.8226 0.186092 1608 2144
57.8236 0.00094223 2144 2680
57.8846 0.0610733 2680 3216
57.8856 0.000946045 3216 3752
57.9462 0.0606003 3752 4288
57.9462 0 4288 4355
58.0721 0.125942 4355 3752
58.1341 0.0620193 3752 3819
58.565 0.430878 3819 3216
58.6237 0.0586929 3216 2680
58.6266 0.00286865 2680 3216
58.6853 0.0586777 3216 3283
58.7502 0.0649071 3283 3370
58.8108 0.0605812 3370 3455
58.8708 0.0600929 3455 3538
58.9329 0.0620155 3538 3619
58.9348 0.00192642 3619 3698
58.9958 0.0610352 3698 3775
59.0569 0.0610733 3775 3851
59.1184 0.0615463 3851 4288
59.3045 0.186073 4288 3813
59.305 0.000473022 3813 3283
59.306 0.000961304 3283 3216
59.3651 0.059166 3216 3283
59.4267 0.0615463 3283 3370
59.4896 0.0629807 3370 2680
59.5512 0.0615654 2680 2834
59.5517 0.000473022 2834 2144
59.6132 0.0615616 2144 2834
59.6748 0.0615654 2834 2935
59.797 0.122147 2935 3032
59.8585 0.0615463 3032 3126
59.92 0.0615463 3126 3217
59.9816 0.0615463 3217 3306
59.9835 0.00188828 3306 3392
60.0436 0.0601273 3392 3476
60.0464 0.00283432 3476 3558
60.1075 0.0610733 3558 3638
60.1676 0.0601273 3638 3716
60.1705 0.00283432 3716 3793
60.2316 0.0610733 3793 3868
60.2931 0.0615463 3868 4288
60.4148 0.121674 4288 4355
60.4806 0.0657959 4355 4824
60.5416 0.0610733 4824 5360
60.6032 0.0615654 5360 4824
60.6037 0.000469208 4824 4422
60.6041 0.000473022 4422 4020
60.6046 0.000473022 4020 3752
60.6648 0.0601273 3752 4020
60.724 0.0592079 4020 4288
60.7855 0.0615425 4288 4824
60.7911 0.00564575 4824 4883
60.8536 0.0624886 4883 5360
60.9763 0.12262 5360 5896
61.0373 0.0610733 5896 6432
61.0989 0.0615463 6432 6968
61.2182 0.119335 6968 7504
61.3493 0.131096 7504 8040
61.4104 0.0610733 8040 8576
61.4719 0.0615463 8576 9112
61.5908 0.118881 9112 8576
61.5913 0.000473022 8576 8224
61.5936 0.00233841 8224 8048
61.5941 0.000473022 8048 7871
61.5946 0.000473022 7871 7695
61.595 0.000469208 7695 7519
61.5955 0.000473022 7519 7342
61.596 0.000473022 7342 6834
61.5964 0.000473022 6834 6432
61.6524 0.0559006 6432 6834
61.7139 0.0615654 6834 6968
61.8365 0.122616 6968 7504
61.8431 0.0065918 7504 6968
61.8436 0.000469208 6968 6834
61.8445 0.000946045 6834 6432
61.9047 0.0601273 6432 6834
62.0264 0.121696 6834 6968
62.0842 0.0577888 6968 7504
62.1457 0.0615463 7504 8040
62.2707 0.125015 8040 7504
62.2712 0.000473022 7504 6834
62.2717 0.000473022 6834 6432
62.3323 0.0606194 6432 6834
62.3384 0.00611877 6834 5896
62.3999 0.0615463 5896 6298
62.461 0.0610924 6298 6432
62.5841 0.123108 6432 5896
62.7072 0.123093 5896 6432
62.8886 0.18137 6432 6968
62.9497 0.0610924 6968 6432
62.9502 0.000473022 6432 5896
63.0723 0.122166 5896 6432
63.202 0.129642 6432 6968
63.2626 0.0606003 6968 7504
63.3241 0.0615463 7504 8040
63.4467 0.12262 8040 8576
63.6282 0.181412 8576 8040
63.6286 0.000469208 8040 7683
63.6291 0.000473022 7683 7504
63.6296 0.000473022 7504 7326
63.6319 0.00230026 7326 6432
63.7607 0.128834 6432 5896
63.8223 0.0615654 5896 6432
64.436 0.613762 6432 5896
64.4976 0.0615616 5896 6432
64.5731 0.0755463 6432 536
64.8962 0.32309 536 1072
64.9583 0.0620193 1072 1608
65.0203 0.0620193 1608 2144
65.0818 0.0615463 2144 2680
65.0828 0.000938416 2680 3216
65.1438 0.0610733 3216 3752
65.1448 0.000946045 3752 4288
65.1457 0.000946045 4288 4824
65.2058 0.0601273 4824 5360
65.2068 0.000946045 5360 4824
65.2702 0.0634537 4824 4288
65.3299 0.0596771 4288 3752
65.3318 0.00188446 3752 4288
65.3934 0.0616074 4288 3752
65.4521 0.0587082 3752 3216
65.455 0.00285339 3216 3752
65.579 0.124039 3752 4288
65.7622 0.183197 4288 4824
65.7655 0.00332642 4824 5360
65.8257 0.0601501 5360 4824
65.8262 0.000465393 4824 4422
65.8266 0.000473022 4422 4020
65.8271 0.000473022 4020 3752
65.8877 0.060585 3752 4020
65.9493 0.0615845 4020 2680
66.0108 0.0615616 2680 3216
66.0122 0.00139618 3216 3484
66.0738 0.0615463 3484 3752
66.1344 0.0606232 3752 3828
66.1959 0.0615463 3828 4288
66.3214 0.12545 4288 4824
66.3825 0.0610733 4824 5360
66.444 0.0615463 5360 5896
66.5666 0.12262 5896 6432
66.7522 0.185577 6432 6968
66.756 0.00377655 6968 7504
66.8161 0.0601501 7504 6968
66.8166 0.000473022 6968 6600
66.8171 0.000473022 6600 6416
66.8176 0.000473022 6416 5628
66.818 0.000465393 5628 5360
66.8777 0.0596619 5360 5628
66.943 0.0653381 5628 4824
67.0032 0.060173 4824 4288
67.0046 0.00139618 4288 4824
67.0046 0 4824 5092
67.0051 0.000473022 5092 4824
67.0647 0.0596695 4824 5092
67.1235 0.0587387 5092 5360
67.2471 0.123581 5360 4824
67.7391 0.492065 4824 4288
67.8007 0.0615616 4288 4824
68.1906 0.389961 4824 536
70.2522 2.06156 536 1072
70.2522 0 1072 1340
70.3138 0.0615692 1340 1554
70.5753 0.261543 1554 1738
70.6373 0.0620193 1738 1903
70.6989 0.0615463 1903 2053
70.822 0.123131 2053 1072
70.9451 0.123085 1072 1340
71.0071 0.0620193 1340 1554
71.0691 0.0620193 1554 1738
71.1312 0.0620193 1738 1903
71.1927 0.0615463 1903 2053
71.2542 0.0615463 2053 2192
71.3158 0.0615387 2192 2323
71.3167 0.000946045 2323 2446
71.3778 0.0610733 2446 2563
71.3788 0.000946045 2563 2675
71.4398 0.0610733 2675 2782
71.4408 0.000946045 2782 2885
71.5028 0.0620193 2885 2984
71.8254 0.322617 2984 3080
71.8874 0.0620193 3080 3173
71.949 0.0615463 3173 3263
72.0105 0.0615387 3263 3351
72.0124 0.00189209 3351 3436
72.0735 0.0610886 3436 2680
72.074 0.000473022 2680 2144
72.0744 0.000473022 2144 1608
72.1346 0.0601501 1608 1072
72.1966 0.0620193 1072 1340
72.2586 0.0620193 1340 1554
72.3206 0.0620117 1554 1738
72.3827 0.0620193 1738 1903
72.4442 0.0615463 1903 2053
72.5058 0.0615463 2053 2192
72.5673 0.0615463 2192 2323
72.5682 0.000946045 2323 2446
72.6293 0.0610733 2446 2563
72.6303 0.000938416 2563 2675
72.6913 0.0610733 2675 2782
72.6923 0.000946045 2782 2885
72.7543 0.0620193 2885 2984
72.8158 0.0615463 2984 3080
72.8774 0.0615463 3080 3173
72.9389 0.0615463 3173 3263
73.0616 0.12262 3263 3351
73.1236 0.0620117 3351 3436
73.1255 0.00189209 3436 3519
73.1865 0.0610733 3519 3600
73.2476 0.0610733 3600 3679
73.2495 0.00188446 3679 3757
73.3106 0.0610733 3757 3833
73.3721 0.0615463 3833 4288
73.5567 0.184639 4288 4824
73.5586 0.00188446 4824 4883
73.6808 0.122169 4883 4288
73.6813 0.000473022 4288 3874
73.6817 0.000473022 3874 3618
73.6822 0.000473022 3618 3216
73.7423 0.0601273 3216 3618
73.7457 0.00334167 3618 2680
73.8072 0.0615463 2680 3082
73.8683 0.0610886 3082 3175
73.9299 0.0615463 3175 3265
73.9914 0.0615463 3265 3352
74.0535 0.0620422 3352 2680
74.115 0.0615387 2680 2816
74.1761 0.0610962 2816 2918
74.2376 0.0615463 2918 3016
74.2992 0.0615463 3016 3111
74.3607 0.0615463 3111 3203
74.4223 0.0615463 3203 3292
74.4838 0.0615463 3292 3379
74.4857 0.00188446 3379 3464
74.5468 0.0610733 3464 3546
74.6079 0.0610733 3546 3627
74.6097 0.00189209 3627 3706
74.6708 0.0610733 3706 3783
74.7319 0.0610733 3783 3858
74.7934 0.0615463 3858 4288
74.98 0.186523 4288 4824
75.041 0.0610733 4824 5360
75.1026 0.0615463 5360 5896
75.1684 0.0657883 5896 6432
75.2924 0.124054 6432 5896
75.2929 0.000473022 5896 5514
75.3497 0.0568314 5514 4824
75.4156 0.0658264 4824 4288
75.5387 0.123116 4288 4824
75.5997 0.0610733 4824 5360
75.6613 0.0615463 5360 5896
75.7223 0.0610352 5896 6432
75.7247 0.00241089 6432 5360
75.7252 0.000473022 5360 4824
75.9089 0.183655 4824 5360
75.9714 0.0625305 5360 4824
75.9719 0.000473022 4824 4288
76.033 0.0610886 4288 4824
76.2172 0.184227 4824 4288
76.2181 0.000938416 4288 3752
76.2787 0.0606232 3752 4288
76.4023 0.123581 4288 3752
76.6499 0.24762 3752 3216
76.8341 0.184181 3216 3305
76.8947 0.060585 3305 3391
76.8971 0.00238037 3391 3475
76.9591 0.0620193 3475 3557
77.0188 0.059639 3557 3637
77.0221 0.00331879 3637 3715
77.0831 0.0610733 3715 3792
77.1428 0.059639 3792 3867
77.2043 0.0615463 3867 4288
77.2659 0.0615463 4288 4355
77.2687 0.00286865 4355 3752
77.3274 0.0586929 3752 3216
77.3919 0.0644226 3216 3752
77.4529 0.0610352 3752 3828
77.5145 0.0615616 3828 3216
77.6376 0.123108 3216 3752
77.6986 0.0610733 3752 3828
77.7612 0.0625153 3828 3216
77.8242 0.0629959 3216 2680
77.8857 0.0615463 2680 3216
77.9468 0.0610962 3216 3305
78.0078 0.0610352 3305 3391
78.0098 0.00192261 3391 3475
78.0708 0.0610733 3475 3557
78.1319 0.0610352 3557 3637
78.1338 0.00193024 3637 3715
78.1949 0.0610733 3715 3792
78.2559 0.0610352 3792 3867
78.3174 0.0615387 3867 4288
78.3799 0.0625153 4288 3752
78.3804 0.000473022 3752 3216
78.4406 0.0601654 3216 2680
78.4415 0.000923157 2680 3216
78.8105 0.368958 3216 2680
78.8721 0.0615845 2680 3216
78.874 0.00192261 3216 2680
78.9355 0.0615692 2680 3216
79.4415 0.505966 3216 536
81.7646 2.32309 536 1072
81.8266 0.0620193 1072 1340
81.8886 0.0620193 1340 1554
81.9507 0.0620193 1554 1738
82.0127 0.0620117 1738 1903
82.0742 0.0615463 1903 2053
82.1358 0.0615463 2053 2192
82.2594 0.123604 2192 1608
82.2598 0.000473022 1608 1072
82.3825 0.12262 1072 1340
82.4445 0.0620117 1340 1554
82.5065 0.0620193 1554 1738
82.5685 0.0620193 1738 1903
83.5685 1 1903 536
83.8916 0.32309 536 1072
83.9536 0.0620193 1072 1340
84.0156 0.0620193 1340 1554
84.0777 0.0620193 1554 1738
84.1397 0.0620117 1738 1903
84.2012 0.0615463 1903 2053
84.2628 0.0615463 2053 2192
84.3243 0.0615463 2192 2323
84.3253 0.000946045 2323 2446
84.3873 0.0620193 2446 2563
84.4493 0.0620117 2563 2675
84.4502 0.000946045 2675 2782
84.5113 0.0610733 2782 2885
84.5729 0.0615463 2885 2984
84.6344 0.0615463 2984 3080
84.6969 0.0625076 3080 2144
84.6974 0.000473022 2144 1608
84.7575 0.0601501 1608 1072
84.82 0.0624847 1072 1340
84.882 0.0620193 1340 1554
84.9441 0.0620193 1554 1738
85.0061 0.0620193 1738 1903
85.0676 0.0615463 1903 2053
85.1292 0.0615387 2053 2192
85.1907 0.0615463 2192 2323
85.1917 0.000946045 2323 2446
85.2527 0.0610733 2446 2563
85.2537 0.000946045 2563 2675
85.3147 0.0610733 2675 2782
85.3157 0.000946045 2782 2885
85.3777 0.0620117 2885 2984
85.4402 0.0625153 2984 2144
85.4407 0.000465393 2144 1608
85.5008 0.0601501 1608 1072
85.5633 0.0624924 1072 1340
85.6253 0.0620193 1340 1554
85.6874 0.0620117 1554 1738
85.7494 0.0620193 1738 1903
85.8109 0.0615463 1903 2053
85.8725 0.0615463 2053 2192
85.934 0.0615463 2192 2323
85.935 0.000946045 2323 2446
85.996 0.0610733 2446 2563
85.997 0.000938416 2563 2675
86.058 0.0610733 2675 2782
86.059 0.000946045 2782 2885
86.121 0.0620193 2885 2984
86.1826 0.0615463 2984 3080
86.2441 0.0615463 3080 3173
86.3056 0.0615463 3173 3263
86.3672 0.0615463 3263 3351
86.4283 0.0610733 3351 3436
86.4903 0.0620346 3436 2680
86.4908 0.000473022 2680 2144
86.4912 0.000473022 2144 1608
86.4917 0.000488281 1608 1072
86.6134 0.121674 1072 1340
86.6754 0.0620193 1340 1554
86.7374 0.0620193 1554 1738
86.862 0.124542 1738 1072
86.9851 0.123116 1072 1340
87.0471 0.0620117 1340 1554
87.1091 0.0620193 1554 1738
87.1712 0.0620193 1738 1903
87.2327 0.0615463 1903 2053
87.2942 0.0615463 2053 2192
87.3558 0.0615463 2192 2323
87.3567 0.000938416 2323 2446
87.4799 0.123131 2446 1608
87.5414 0.0615692 1608 1072
87.6646 0.123123 1072 536
87.7261 0.0615463 536 1072
87.7261 0 1072 1340
87.7881 0.0620193 1340 1554
87.8501 0.0620193 1554 1738
88.1126 0.262489 1738 1903
88.2367 0.124092 1903 1072
89.2983 1.06156 1072 536
89.3598 0.0615463 536 1072
89.3598 0 1072 1340
89.4219 0.0620193 1340 1554
89.4839 0.0620193 1554 1738
89.6075 0.123604 1738 1072
89.7306 0.123085 1072 1340
89.7926 0.0620193 1340 1554
89.8546 0.0620193 1554 1738
89.9166 0.0620193 1738 1903
89.9782 0.0615463 1903 2053
90.0397 0.0615463 2053 2192
90.1022 0.0625076 2192 1608
90.1628 0.0606155 1608 1072
90.4249 0.262024 1072 1340
90.6095 0.184692 1340 536
90.6711 0.0615463 536 1072
90.6711 0 1072 1340
90.7331 0.0620117 1340 1554
90.7951 0.0620193 1554 1738
90.8571 0.0620193 1738 1903
90.9187 0.0615463 1903 2053
90.9802 0.0615463 2053 2192
91.0418 0.0615463 2192 2323
91.0427 0.000938416 2323 2446
91.1038 0.0610733 2446 2563
91.1047 0.000946045 2563 2675
91.1658 0.0610733 2675 2782
91.1668 0.000946045 2782 2885
91.2288 0.0620193 2885 2984
91.2903 0.0615463 2984 3080
91.4125 0.122162 3080 2144
91.413 0.000473022 2144 1608
91.4135 0.000495911 1608 1072
91.5356 0.122124 1072 1340
91.5976 0.0620193 1340 1554
92.5976 1 1554 536
92.9207 0.32309 536 1072
92.9827 0.0620193 1072 1340
93.0447 0.0620193 1340 1554
93.1067 0.0620117 1554 1738
93.1688 0.0620193 1738 1903
93.2303 0.0615463 1903 2053
93.2919 0.0615463 2053 2192
93.3534 0.0615463 2192 2323
93.4154 0.0620193 2323 2446
93.6779 0.262489 2446 2563
93.7404 0.0625076 2563 1608
93.801 0.0606155 1608 1072
93.8635 0.0624924 1072 1340
93.9255 0.0620193 1340 1554
93.9876 0.0620193 1554 1738
94.1121 0.124542 1738 1072
94.4347 0.322639 1072 1340
94.6194 0.184692 1340 536
94.681 0.0615463 536 1072
94.681 0 1072 1340
94.743 0.0620193 1340 1554
94.805 0.0620193 1554 1738
94.867 0.0620117 1738 1903
94.9286 0.0615463 1903 2053
94.9901 0.0615463 2053 2192
95.0517 0.0615463 2192 2323
95.0526 0.000946045 2323 2446
95.1137 0.0610733 2446 2563
95.1146 0.000946045 2563 2675
95.1757 0.0610733 2675 2782
95.1767 0.000938416 2782 2885
95.2387 0.0620193 2885 2984
95.3002 0.0615463 2984 3080
95.3618 0.0615463 3080 3173
95.4233 0.0615463 3173 3263
95.5455 0.122169 3263 2680
95.5459 0.000465393 2680 2144
95.5469 0.000968933 2144 1608
95.5474 0.000473022 1608 1072
95.6686 0.121178 1072 1340
95.7306 0.0620193 1340 1554
95.7926 0.0620193 1554 1738
95.8546 0.0620193 1738 1903
95.9782 0.123619 1903 1072
97.0398 1.06156 1072 536
97.1014 0.0615463 536 1072
97.1014 0 1072 1340
98.1014 1 1340 536
98.4244 0.32309 536 1072
98.4865 0.0620193 1072 1340
99.4865 1 1340 536
99.8096 0.32309 536 1072
99.8716 0.0620193 1072 1340
99.9336 0.0620193 1340 1554
99.9956 0.0620193 1554 1738
100.058 0.0620117 1738 1903
100.119 0.0615463 1903 2053
100.181 0.0615463 2053 2192
100.242 0.0615463 2192 2323
100.243 0.000946045 2323 2446
100.304 0.0610733 2446 2563
100.305 0.000946045 2563 2675
100.366 0.0610733 2675 2782
100.367 0.000938416 2782 2885
100.429 0.0620193 2885 2984
100.491 0.0615463 2984 3080
100.552 0.0615463 3080 3173
100.614 0.0615463 3173 3263
100.675 0.0615463 3263 3351
100.737 0.0615616 3351 2680
100.737 0.000473022 2680 2144
100.798 0.0601501 2144 1608
100.799 0.000946045 1608 1072
100.861 0.0620117 1072 1340
100.923 0.0620193 1340 1554
100.985 0.0620193 1554 1738
101.047 0.0620193 1738 1903
101.108 0.0615463 1903 2053
101.17 0.0615463 2053 2192
101.231 0.0615387 2192 2323
101.232 0.000946045 2323 2446
101.293 0.0610733 2446 2563
101.294 0.000946045 2563 2675
101.355 0.0610733 2675 2782
101.479 0.123604 2782 2680
101.479 0.000473022 2680 2144
101.48 0.000465393 2144 1608
101.48 0.000457764 1608 1072
101.54 0.0601501 1072 1340
101.602 0.0615463 1340 1554
101.664 0.0620117 1554 1738
101.789 0.12455 1738 1072
101.912 0.123108 1072 1340
101.974 0.0620193 1340 1554
102.036 0.0620193 1554 1738
102.098 0.0620117 1738 1903
102.159 0.0615463 1903 2053
102.221 0.0615463 2053 2192
102.282 0.0615463 2192 2323
102.283 0.000946045 2323 2446
102.344 0.0610733 2446 2563
102.345 0.000946045 2563 2675
102.406 0.0610733 2675 2782
102.407 0.000938416 2782 2885
102.469 0.0620193 2885 2984
102.531 0.0615463 2984 3080
102.592 0.0615463 3080 3173
102.654 0.0615463 3173 3263
102.716 0.0615463 3263 3351
102.778 0.0620193 3351 3436
102.779 0.000938416 3436 3519
102.841 0.0620193 3519 3600
102.902 0.0610733 3600 3679
102.965 0.0629807 3679 2144
103.025 0.0601501 2144 1608
103.025 0.000473022 1608 1072
103.088 0.0624847 1072 1340
103.15 0.0620193 1340 1554
103.212 0.0620193 1554 1738
103.274 0.0620193 1738 1903
103.335 0.0615463 1903 2053
103.397 0.0615463 2053 2192
103.458 0.0615387 2192 2323
103.459 0.000946045 2323 2446
103.52 0.0610733 2446 2563
103.521 0.000946045 2563 2675
103.644 0.123131 2675 1608
103.645 0.000473022 1608 1072
103.768 0.12262 1072 1340
103.83 0.0620117 1340 1554
103.892 0.0620193 1554 1738
103.954 0.0620193 1738 1903
104.015 0.0615463 1903 2053
104.077 0.0615463 2053 2192
104.138 0.0615463 2192 2323
104.139 0.000938416 2323 2446
104.2 0.0610733 2446 2563
104.201 0.000946045 2563 2675
104.263 0.0620346 2675 1608
104.324 0.0606232 1608 1072
104.509 0.185623 1072 536
104.571 0.0615463 536 1072
104.571 0 1072 1340
104.633 0.0620117 1340 1554
104.695 0.0620193 1554 1738
104.757 0.0620193 1738 1903
104.819 0.0615463 1903 2053
104.88 0.0615463 2053 2192
104.942 0.0615463 2192 2323
104.943 0.000938416 2323 2446
105.004 0.0610733 2446 2563
105.005 0.000946045 2563 2675
105.066 0.0610733 2675 2782
105.067 0.000946045 2782 2885
105.129 0.0620193 2885 2984
105.251 0.122162 2984 2144
105.251 0.000473022 2144 1608
105.252 0.000488281 1608 1072
105.374 0.122131 1072 1340
105.436 0.0620193 1340 1554
105.498 0.0620193 1554 1738
105.56 0.0620117 1738 1903
105.622 0.0615463 1903 2053
105.683 0.0615463 2053 2192
105.745 0.0615463 2192 2323
105.746 0.000946045 2323 2446
105.807 0.0610733 2446 2563
105.808 0.000946045 2563 2675
105.869 0.0610733 2675 2782
105.87 0.000938416 2782 2885
105.932 0.0620193 2885 2984
105.993 0.0615463 2984 3080
106.055 0.0615463 3080 3173
106.116 0.0615463 3173 3263
106.178 0.0615463 3263 3351
106.18 0.00188446 3351 3436
106.241 0.0610733 3436 3519
106.302 0.0610733 3519 3600
106.304 0.00189209 3600 3679
106.365 0.0610733 3679 3757
106.426 0.0610733 3757 3833
106.487 0.0615463 3833 4288
106.613 0.12545 4288 4824
106.674 0.0610733 4824 5360
106.736 0.0615463 5360 5896
106.858 0.12262 5896 6432
106.921 0.0625076 6432 5896
106.921 0.000473022 5896 5514
106.922 0.000473022 5514 4824
107.043 0.121689 4824 5360
107.105 0.0615463 5360 5896
107.169 0.0643768 5896 5360
107.17 0.000473022 5360 4824
107.229 0.0597153 4824 4288
107.232 0.00234222 4288 4824
107.233 0.000946045 4824 4288
107.291 0.0582809 4288 4824
107.356 0.0653 4824 5360
107.479 0.12262 5360 5896
107.539 0.0596771 5896 6432
107.6 0.0615463 6432 6968
107.723 0.12262 6968 7504
107.852 0.129204 7504 8040
107.911 0.059227 8040 7504
107.913 0.00139618 7504 7142
107.913 0.000473022 7142 6961
107.914 0.000946045 6961 6030
107.914 0.000465393 6030 5896
107.973 0.0582657 5896 6030
108.034 0.0610886 6030 5360
108.096 0.0620193 5360 5494
108.157 0.0615616 5494 5896
108.218 0.0610809 5896 6432
108.28 0.0615387 6432 6968
108.348 0.0676498 6968 7504
108.47 0.122612 7504 8040
108.53 0.060173 8040 8576
108.533 0.00281525 8576 8040
108.534 0.000465393 8040 7683
108.534 0.000473022 7683 7504
108.535 0.000473022 7504 7326
108.589 0.0545044 7326 6432
108.716 0.126411 6432 5896
108.839 0.123116 5896 6432
109.022 0.183197 6432 6968
109.084 0.0625153 6968 6432
109.085 0.000488281 6432 5896
109.087 0.00238037 5896 5360
109.146 0.0591812 5360 5896
109.147 0.000495911 5896 5360
109.149 0.00188446 5360 5896
109.274 0.125488 5896 5360
109.397 0.122643 5360 4824
109.521 0.124054 4824 4288
109.701 0.180428 4288 3752
109.705 0.00337982 3752 2680
109.763 0.0577469 2680 2144
109.763 0.000457764 2144 2680
109.766 0.00337982 2680 3216
109.825 0.0586548 3216 3752
109.828 0.00336456 3752 3828
109.89 0.0615463 3828 4288
110.014 0.123558 4288 4824
110.073 0.0591278 4824 4883
110.134 0.0615463 4883 5360
110.196 0.0620346 5360 4824
110.197 0.000473022 4824 4422
110.199 0.0019455 4422 4020
110.199 0.000473022 4020 3752
110.258 0.0586548 3752 4020
110.319 0.0610962 4020 4288
110.38 0.0615616 4288 3752
110.448 0.0672913 3752 3828
110.51 0.0619736 3828 4288
110.634 0.124527 4288 3752
110.817 0.182793 3752 3216
110.818 0.000938416 3216 2680
110.879 0.0606232 2680 3216
110.942 0.0629654 3216 3752
111.003 0.0610733 3752 3828
111.064 0.0615463 3828 4288
111.067 0.00237274 4288 3752
111.126 0.0591888 3752 3216
111.19 0.0643997 3216 3305
111.252 0.0620117 3305 3391
111.314 0.0615692 3391 2680
111.436 0.122162 2680 2855
111.437 0.000946045 2855 2955
111.499 0.0620193 2955 3052
111.56 0.0615463 3052 3146
111.622 0.0615463 3146 3237
111.683 0.0615463 3237 3325
111.745 0.0610733 3325 3411
111.746 0.00188446 3411 3495
111.808 0.0610733 3495 3577
111.869 0.0610733 3577 3657
111.87 0.00189209 3657 3735
111.932 0.0610733 3735 3811
111.993 0.0610733 3811 3886
112.054 0.0615463 3886 4288
112.18 0.12545 4288 4824
112.24 0.0606155 4824 4288
112.241 0.000473022 4288 3874
112.241 0.000473022 3874 3618
112.242 0.000473022 3618 3216
112.302 0.0606232 3216 3618
112.303 0.000938416 3618 3216
112.304 0.000473022 3216 2680
112.365 0.0615463 2680 3618
112.426 0.0610962 3618 3697
112.487 0.0606155 3697 3774
112.489 0.00234222 3774 3850
112.551 0.0615692 3850 4288
112.673 0.12262 4288 4824
112.735 0.0610733 4824 5360
112.796 0.0615463 5360 5896
112.799 0.00284576 5896 5360
112.799 0.000473022 5360 4969
112.8 0.000473022 4969 4422
112.858 0.0577698 4422 4288
112.861 0.00328827 4288 4422
112.923 0.0615616 4422 4824
112.984 0.0610733 4824 5360
113.168 0.184639 5360 5896
113.229 0.0610733 5896 6432
113.291 0.0615463 6432 6968
113.414 0.123581 6968 6432
113.415 0.000473022 6432 6057
113.415 0.000473022 6057 5870
113.416 0.000465393 5870 5226
113.416 0.000473022 5226 4824
113.476 0.0596619 4824 5226
113.481 0.00521088 5226 5360
113.543 0.0615463 5360 5896
113.604 0.0610504 5896 6432
113.665 0.0615463 6432 6968
113.726 0.0610962 6968 6550
113.727 0.000473022 6550 6340
113.728 0.000961304 6340 6131
113.728 0.000473022 6131 5922
113.729 0.000473022 5922 5226
113.729 0.000465393 5226 4824
113.787 0.0577698 4824 5226
113.788 0.000473022 5226 4824
113.791 0.00330353 4824 5226
113.851 0.0606232 5226 5360
113.914 0.0629807 5360 4824
114.16 0.245277 4824 4288
114.348 0.18792 4288 4824
114.408 0.0606232 4824 5360
114.47 0.0615463 5360 5896
114.592 0.122147 5896 6432
114.719 0.127335 6432 6968
114.778 0.0582657 6968 6432
114.778 0.000473022 6432 6057
114.778 0.000473022 6057 5870
114.779 0.000465393 5870 5226
114.779 0.000473022 5226 4824
114.781 0.00190735 4824 4288
114.839 0.0577698 4288 5226
114.841 0.00189209 5226 4824
114.843 0.00188446 4824 5226
114.904 0.0611115 5226 4288
114.966 0.0615463 4288 4690
115.088 0.122147 4690 4824
115.148 0.0601349 4824 5360
115.209 0.0615387 5360 5896
115.33 0.120712 5896 6432
115.46 0.129723 6432 6968
115.519 0.0587311 6968 6432
115.519 0.000473022 6432 6057
115.521 0.00190735 6057 5870
115.521 0.000473022 5870 5226
115.522 0.000473022 5226 4288
115.58 0.0582428 4288 5226
115.642 0.0620117 5226 5360
115.825 0.182755 5360 5896
115.832 0.00708008 5896 6432
115.89 0.0582581 6432 5896
115.891 0.000473022 5896 5571
115.894 0.00283051 5571 5226
115.894 0.000473022 5226 4824
115.952 0.0577698 4824 5226
116.013 0.0610886 5226 5360
116.074 0.0615463 5360 5896
116.135 0.060585 5896 6432
116.196 0.0611115 6432 5226
116.197 0.000473022 5226 4824
116.258 0.0615616 4824 5226
116.259 0.000473022 5226 4824
117.136 0.877815 4824 536
117.198 0.0615616 536 1072
117.321 0.123093 1072 1608
117.383 0.0620193 1608 2144
117.445 0.0615463 2144 2680
117.446 0.000946045 2680 3216
117.507 0.0610733 3216 3752
117.508 0.000938416 3752 4288
117.508 0 4288 4355
117.631 0.123093 4355 4824
117.634 0.00283051 4824 5360
117.696 0.0620193 5360 5896
117.756 0.0606232 5896 5360
117.757 0.000473022 5360 4969
117.757 0.000473022 4969 4422
117.758 0.000465393 4422 4288
117.818 0.0606079 4288 4422
117.88 0.0615616 4422 4824
117.94 0.0606232 4824 4288
118.063 0.123093 4288 4824
118.069 0.00518799 4824 5360
118.13 0.0615463 5360 5896
118.191 0.0610733 5896 6432
118.253 0.0615463 6432 6968
118.255 0.00238037 6968 6432
118.256 0.000473022 6432 6057
118.311 0.0554047 6057 5226
118.312 0.000473022 5226 4824
118.317 0.00566864 4824 5226
118.378 0.0610886 5226 5360
118.501 0.12262 5360 5896
118.562 0.061058 5896 6432
118.621 0.0587311 6432 5896
118.621 0.000473022 5896 5571
118.622 0.000473022 5571 5226
118.622 0.000465393 5226 4824
118.685 0.0629654 4824 5226
118.688 0.00283051 5226 5360
118.75 0.0620193 5360 5896
118.811 0.0610733 5896 6432
118.873 0.0615463 6432 6968
118.995 0.12262 6968 7504
119.123 0.128281 7504 8040
119.185 0.0610733 8040 8576
119.243 0.0587311 8576 7683
119.244 0.000473022 7683 7504
119.244 0.000473022 7504 7326
119.245 0.000961304 7326 6432
119.246 0.000946045 6432 5896
119.305 0.058754 5896 5360
119.306 0.000923157 5360 6432
119.428 0.122208 6432 5896
119.551 0.122635 5896 6432
119.612 0.0615463 6432 6968
119.679 0.0671921 6968 6432
119.68 0.000473022 6432 5896
119.802 0.122635 5896 6432
119.92 0.117935 6432 5896
120.051 0.130646 5896 6432
120.174 0.12262 6432 6968
120.235 0.0615616 6968 6432
120.236 0.000473022 6432 5896
120.238 0.00190735 5896 5360
120.297 0.0591888 5360 5896
120.541 0.243805 5896 5360
120.603 0.0625458 5360 4824
120.665 0.0615463 4824 5360
120.725 0.0606155 5360 4824
120.848 0.122643 4824 5360
120.976 0.128281 5360 4824
121.034 0.0578308 4824 4288
121.038 0.0037384 4288 4824
121.157 0.118881 4824 5360
121.218 0.0615463 5360 5896
121.287 0.0690536 5896 6432
121.349 0.0620422 6432 5896
121.35 0.000473022 5896 5514
121.403 0.0535583 5514 4824
121.472 0.0690765 4824 5360
121.535 0.0625076 5360 4824
121.651 0.115578 4824 4288
121.712 0.0615463 4288 4824
121.72 0.00759125 4824 4288
121.781 0.0615845 4288 3752
121.782 0.000450134 3752 4288
121.897 0.11554 4288 3752
122.02 0.122643 3752 4288
122.151 0.130676 4288 4355
122.207 0.0567932 4355 4824
122.269 0.0615616 4824 4288
122.269 0.000473022 4288 3752
122.392 0.122635 3752 3828
122.454 0.0615463 3828 3903
122.64 0.186073 3903 3216
123.582 0.94223 3216 536
123.643 0.0615616 536 1072
123.767 0.123093 1072 1608
123.829 0.0620193 1608 2144
123.89 0.0615463 2144 2680
123.89 0 2680 2787
123.891 0.000946045 2787 2890
123.953 0.0620117 2890 2989
124.015 0.0615463 2989 3085
124.076 0.0615463 3085 3178
124.138 0.0615463 3178 3268
124.199 0.0615463 3268 3355
124.261 0.0620346 3355 2680
124.384 0.122643 2680 2787
124.445 0.0615463 2787 2890
124.507 0.0615463 2890 2989
124.569 0.0615463 2989 3085
124.63 0.0615387 3085 3178
124.692 0.0615463 3178 3268
124.753 0.0615463 3268 3355
124.755 0.00189209 3355 3440
124.816 0.0610733 3440 3523
124.877 0.0610733 3523 3604
124.879 0.00188446 3604 3683
124.94 0.0610733 3683 3761
125.001 0.0610733 3761 3837
125.063 0.0615463 3837 3911
125.125 0.0624924 3911 3984
125.187 0.0615616 3984 3216
125.188 0.000968933 3216 2680
125.189 0.000938416 2680 2144
125.248 0.0596619 2144 2680
125.31 0.0620346 2680 2144
125.556 0.245766 2144 1608
125.619 0.0624924 1608 1786
125.68 0.0615463 1786 1946
125.742 0.0615463 1946 2093
125.803 0.0615463 2093 2230
125.865 0.0615463 2230 2358
125.866 0.000938416 2358 2479
125.927 0.0610733 2479 2594
125.928 0.000946045 2594 2704
125.99 0.0620193 2704 2810
126.051 0.0615463 2810 2912
126.113 0.0615463 2912 3010
126.236 0.123184 3010 1608
126.359 0.123146 1608 1072
126.421 0.0615463 1072 1608
126.482 0.0615463 1608 1786
126.544 0.0615463 1786 1946
126.605 0.0615463 1946 2093
126.667 0.0615463 2093 2230
126.729 0.0615463 2230 2358
126.73 0.000946045 2358 2479
126.792 0.0620117 2479 2594
126.854 0.0620193 2594 2704
126.854 0.000946045 2704 2810
126.917 0.0620193 2810 2912
127.039 0.122147 2912 3010
127.1 0.0615463 3010 3105
127.162 0.0615387 3105 3197
127.223 0.0615463 3197 3286
127.285 0.0615463 3286 3373
127.287 0.00189209 3373 3458
127.408 0.121689 3458 2680
127.409 0.000473022 2680 2144
127.41 0.000968933 2144 1608
127.593 0.183258 1608 1072
127.655 0.0615616 1072 1608
127.655 0 1608 1786
127.778 0.123131 1786 1608
127.778 0.000450134 1608 1250
127.839 0.0610962 1250 1479
128.839 0.999992 1479 536
129.162 0.323105 536 1072
129.224 0.0620117 1072 1340
129.286 0.0620117 1340 1554
129.348 0.062027 1554 1738
129.411 0.0620117 1738 1903
129.472 0.061554 1903 2053
129.534 0.0615387 2053 2192
129.595 0.0615387 2192 2323
129.596 0.000946045 2323 2446
129.657 0.0610809 2446 2563
129.658 0.000946045 2563 2675
129.719 0.0610657 2675 2782
129.72 0.000946045 2782 2885
129.783 0.0625153 2885 2144
129.843 0.0606232 2144 1608
129.844 0.000961304 1608 1072
129.968 0.123581 1072 536
130.029 0.0615387 536 1072
130.029 0 1072 1340
130.091 0.062027 1340 1554
130.153 0.0620117 1554 1738
130.215 0.0620117 1738 1903
130.277 0.061554 1903 2053
130.338 0.0615387 2053 2192
130.4 0.061554 2192 2323
130.401 0.000946045 2323 2446
130.462 0.0610657 2446 2563
130.524 0.0620422 2563 1608
130.525 0.000488281 1608 1072
130.647 0.12262 1072 1340
130.709 0.0620117 1340 1554
130.771 0.062027 1554 1738
130.833 0.0620117 1738 1903
131.018 0.185165 1903 536
131.08 0.0615692 536 1072
132.08 1 1072 536
132.142 0.0615387 536 1072
132.142 0 1072 1340
132.204 0.062027 1340 1554
132.266 0.0620117 1554 1738
132.328 0.0620117 1738 1903
132.389 0.061554 1903 2053
132.451 0.0615387 2053 2192
132.512 0.061554 2192 2323
132.513 0.000946045 2323 2446
132.574 0.0610657 2446 2563
132.575 0.000946045 2563 2675
132.636 0.0610809 2675 2782
132.637 0.000930786 2782 2885
132.7 0.0625153 2885 2144
132.761 0.0611115 2144 1608
132.762 0.000930786 1608 1072
132.823 0.061554 1072 536
132.885 0.061554 536 1072
132.885 0 1072 1340
133.07 0.185165 1340 536
133.132 0.0615387 536 1072
133.132 0 1072 1340
133.194 0.062027 1340 1554
133.256 0.0620117 1554 1738
133.318 0.0620117 1738 1903
133.379 0.061554 1903 2053
133.503 0.124069 2053 1072
133.626 0.123108 1072 1340
133.688 0.062027 1340 1554
133.75 0.0620117 1554 1738
133.812 0.062027 1738 1903
133.874 0.0615387 1903 2053
133.935 0.0615387 2053 2192
133.997 0.061554 2192 2323
133.998 0.000946045 2323 2446
134.059 0.0610657 2446 2563
134.06 0.000946045 2563 2675
134.121 0.0610809 2675 2782
134.122 0.000946045 2782 2885
134.184 0.0620117 2885 2984
134.246 0.0615387 2984 3080
134.307 0.061554 3080 3173
134.369 0.0615692 3173 2144
134.369 0.000457764 2144 1608
134.429 0.0601501 1608 1072
134.615 0.185638 1072 536
134.676 0.061554 536 1072
134.676 0 1072 1340
134.739 0.0620117 1340 1554
134.801 0.062027 1554 1738
135.063 0.262482 1738 1903
135.125 0.062027 1903 2053
135.187 0.0615387 2053 2192
135.248 0.0615387 2192 2323
135.249 0.000946045 2323 2446
135.31 0.0610809 2446 2563
135.311 0.000946045 2563 2675
135.372 0.0610657 2675 2782
135.373 0.000946045 2782 2885
135.435 0.0620117 2885 2984
135.557 0.122147 2984 3080
135.619 0.061554 3080 3173
135.68 0.0615387 3173 3263
135.742 0.061554 3263 3351
135.803 0.0615692 3351 2144
135.804 0.000457764 2144 1608
135.805 0.000976562 1608 1072
135.928 0.12355 1072 1340
135.99 0.062027 1340 1554
136.053 0.0620117 1554 1738
136.115 0.062027 1738 1903
136.176 0.0615387 1903 2053
136.238 0.061554 2053 2192
136.299 0.0615387 2192 2323
136.3 0.000946045 2323 2446
136.361 0.0610657 2446 2563
136.362 0.000946045 2563 2675
136.423 0.0610809 2675 2782
136.424 0.000946045 2782 2885
136.486 0.0620117 2885 2984
136.548 0.0615387 2984 3080
136.61 0.0620422 3080 2144
136.67 0.0606232 2144 1608
136.671 0.000473022 1608 1072
136.733 0.0624847 1072 1340
136.795 0.062027 1340 1554
136.857 0.0620117 1554 1738
136.919 0.0620117 1738 1903
136.981 0.061554 1903 2053
137.042 0.0615387 2053 2192
137.104 0.061554 2192 2323
137.105 0.000946045 2323 2446
137.166 0.0610657 2446 2563
137.167 0.000946045 2563 2675
137.228 0.0610657 2675 2782
137.229 0.000946045 2782 2885
137.291 0.062027 2885 2984
137.353 0.0615387 2984 3080
137.414 0.061554 3080 3173
137.476 0.0615387 3173 3263
137.537 0.061554 3263 3351
137.598 0.0610657 3351 3436
137.6 0.00189209 3436 3519
137.661 0.0610657 3519 3600
137.723 0.0615692 3600 2680
137.723 0.000473022 2680 2144
137.783 0.0601501 2144 1608
137.784 0.000473022 1608 1072
137.846 0.0624847 1072 1340
137.908 0.0620117 1340 1554
137.97 0.062027 1554 1738
138.032 0.0620117 1738 1903
138.218 0.185165 1903 536
138.279 0.0615692 536 1072
138.402 0.123093 1072 1340
138.464 0.0620117 1340 1554
138.526 0.062027 1554 1738
138.588 0.0620117 1738 1903
138.711 0.123138 1903 1072
138.835 0.123077 1072 1340
138.897 0.062027 1340 1554
138.959 0.0620117 1554 1738
139.021 0.062027 1738 1903
139.082 0.0615387 1903 2053
139.144 0.0615387 2053 2192
139.205 0.061554 2192 2323
139.206 0.000946045 2323 2446
139.267 0.0610657 2446 2563
139.268 0.000946045 2563 2675
139.329 0.0610809 2675 2782
139.33 0.000946045 2782 2885
139.392 0.0620117 2885 2984
139.514 0.122147 2984 3080
139.576 0.0615387 3080 3173
139.637 0.061554 3173 3263
139.699 0.0615387 3263 3351
139.701 0.00190735 3351 2680
139.761 0.0596619 2680 2144
139.761 0.000473022 2144 1608
139.762 0.000961304 1608 1072
140.699 0.936996 1072 536
141.022 0.32309 536 1072
141.084 0.062027 1072 1340
141.146 0.0620117 1340 1554
141.208 0.062027 1554 1738
141.27 0.0620117 1738 1903
141.332 0.0615387 1903 2053
141.393 0.061554 2053 2192
141.455 0.0615387 2192 2323
141.456 0.000946045 2323 2446
141.518 0.0620422 2446 1608
141.578 0.0606232 1608 1072
141.641 0.0624847 1072 1340
141.703 0.0620117 1340 1554
141.765 0.062027 1554 1738
141.827 0.0620117 1738 1903
141.888 0.061554 1903 2053
141.95 0.0615387 2053 2192
142.012 0.061554 2192 2323
142.013 0.000930786 2323 2446
142.074 0.0610809 2446 2563
142.075 0.000946045 2563 2675
142.136 0.0610657 2675 2782
142.137 0.000946045 2782 2885
142.199 0.062027 2885 2984
142.26 0.0615387 2984 3080
142.322 0.0615387 3080 3173
142.444 0.12265 3173 2144
142.445 0.000961304 2144 1608
142.505 0.0601501 1608 1072
143.506 1.00044 1072 536
149.829 6.3231 536 1072
149.891 0.0620117 1072 1340
149.953 0.0620117 1340 1554
150.015 0.062027 1554 1738
150.077 0.0620117 1738 1903
150.139 0.061554 1903 2053
150.2 0.0615387 2053 2192
150.262 0.0615387 2192 2323
150.263 0.000946045 2323 2446
150.324 0.0610809 2446 2563
150.325 0.000946045 2563 2675
150.386 0.0610657 2675 2782
150.387 0.000946045 2782 2885
150.449 0.0620117 2885 2984
150.51 0.061554 2984 3080
150.572 0.0615387 3080 3173
150.633 0.061554 3173 3263
150.695 0.0615387 3263 3351
150.756 0.0610809 3351 3436
150.818 0.0625 3436 2680
150.819 0.000473022 2680 2144
150.879 0.0601501 2144 1608
150.88 0.000473022 1608 1072
150.942 0.0624847 1072 1340
151.004 0.062027 1340 1554
151.066 0.0620117 1554 1738
151.128 0.062027 1738 1903
151.39 0.262009 1903 2053
151.452 0.062027 2053 2192
151.514 0.0615387 2192 2323
151.515 0.000946045 2323 2446
151.576 0.0610657 2446 2563
151.577 0.000946045 2563 2675
151.638 0.0610809 2675 2782
151.639 0.000946045 2782 2885
151.701 0.0620117 2885 2984
151.762 0.0615387 2984 3080
151.824 0.061554 3080 3173
151.885 0.0615692 3173 2144
151.886 0.000473022 2144 1608
151.946 0.0601349 1608 1072
152.008 0.0625 1072 1340
152.07 0.0620117 1340 1554
152.132 0.062027 1554 1738
152.194 0.0620117 1738 1903
152.256 0.0615387 1903 2053
152.318 0.061554 2053 2192
152.379 0.0615387 2192 2323
152.38 0.000946045 2323 2446
152.441 0.0610809 2446 2563
152.442 0.000946045 2563 2675
152.503 0.0610657 2675 2782
152.504 0.000946045 2782 2885
152.566 0.0620117 2885 2984
152.628 0.061554 2984 3080
152.689 0.0615387 3080 3173
152.751 0.061554 3173 3263
152.812 0.0615387 3263 3351
152.873 0.0610809 3351 3436
152.875 0.00187683 3436 3519
152.936 0.0610809 3519 3600
152.997 0.0610657 3600 3679
152.999 0.00189209 3679 3757
153.06 0.0610809 3757 3833
153.121 0.0606232 3833 3216
153.121 0.000457764 3216 2680
153.122 0.000473022 2680 2144
153.122 0.000473022 2144 1608
153.123 0.00050354 1608 1072
153.367 0.244324 1072 536
153.429 0.061554 536 1072
153.429 0 1072 1340
153.491 0.0620117 1340 1554
153.553 0.0620117 1554 1738
153.615 0.062027 1738 1903
153.676 0.0615387 1903 2053
153.738 0.061554 2053 2192
153.799 0.0615387 2192 2323
153.861 0.0620422 2323 1608
153.862 0.000488281 1608 1072
153.985 0.12262 1072 1340
154.047 0.0620117 1340 1554
154.109 0.062027 1554 1738
154.171 0.0620117 1738 1903
154.232 0.061554 1903 2053
154.294 0.0615387 2053 2192
154.355 0.0615387 2192 2323
154.356 0.000946045 2323 2446
154.417 0.0610809 2446 2563
154.418 0.000946045 2563 2675
154.48 0.062027 2675 1608
154.541 0.0606232 1608 1072
154.603 0.0624847 1072 1340
154.665 0.062027 1340 1554
154.727 0.0620117 1554 1738
154.789 0.062027 1738 1903
154.851 0.0615387 1903 2053
154.913 0.061554 2053 2192
154.974 0.0615387 2192 2323
154.975 0.000946045 2323 2446
155.036 0.0610657 2446 2563
155.037 0.000946045 2563 2675
155.099 0.0620422 2675 1608
155.16 0.0606232 1608 1072
156.037 0.877335 1072 536
156.36 0.32309 536 1072
156.422 0.062027 1072 1340
156.484 0.0620117 1340 1554
156.546 0.062027 1554 1738
156.608 0.0620117 1738 1903
156.67 0.0615387 1903 2053
156.731 0.061554 2053 2192
156.793 0.0615387 2192 2323
156.794 0.000946045 2323 2446
156.855 0.0610809 2446 2563
156.856 0.000930786 2563 2675
156.917 0.0610809 2675 2782
156.918 0.000946045 2782 2885
156.98 0.0620117 2885 2984
157.041 0.061554 2984 3080
157.103 0.0615387 3080 3173
157.164 0.061554 3173 3263
157.227 0.0624847 3263 3351
157.287 0.0601349 3351 3436
157.29 0.00282288 3436 3519
157.351 0.0610809 3519 3600
157.411 0.0601196 3600 3679
157.414 0.00283813 3679 3757
157.475 0.0610657 3757 3833
157.537 0.061554 3833 4288
157.662 0.125458 4288 4824
157.723 0.0610657 4824 5360
157.785 0.0615387 5360 5896
157.909 0.124069 5896 5360
157.909 0.000457764 5360 4969
157.91 0.000976562 4969 4422
157.911 0.000473022 4422 4288
157.967 0.0563507 4288 3752
157.971 0.00378418 3752 4422
157.972 0.00143433 4422 4288
158.029 0.0563354 4288 4422
158.029 0.000473022 4422 3752
158.091 0.061554 3752 4422
158.217 0.126907 4422 4824
158.277 0.0591583 4824 5360
158.338 0.061554 5360 5896
158.404 0.0653534 5896 5360
158.404 0.000473022 5360 4969
158.404 0.000473022 4969 4422
158.461 0.0563354 4422 4288
158.465 0.00427246 4288 4422
158.527 0.061554 4422 4824
158.587 0.0605927 4824 5360
158.649 0.0615387 5360 5896
158.709 0.0605774 5896 6432
158.771 0.0620422 6432 5896
158.772 0.000473022 5896 5514
158.772 0.000488281 5514 4824
159.386 0.613586 4824 4288
159.389 0.00285339 4288 3752
159.447 0.0587158 3752 4288
159.633 0.185577 4288 4824
159.637 0.00427246 4824 5360
159.757 0.119308 5360 4824
159.757 0.000473022 4824 4288
159.762 0.004776 4288 3216
159.818 0.0563202 3216 4288
159.882 0.0634766 4288 3752
160.005 0.123123 3752 4288
160.066 0.0615387 4288 4824
160.127 0.0610809 4824 5360
160.189 0.0615387 5360 5896
160.255 0.06633 5896 5360
160.256 0.000473022 5360 4969
160.313 0.0567932 4969 4422
160.313 0.000457764 4422 4288
160.317 0.0038147 4288 4422
160.378 0.061554 4422 4824
160.439 0.0610657 4824 4288
160.565 0.125473 4288 3216
160.627 0.0615692 3216 3752
160.689 0.0620117 3752 4288
160.811 0.12262 4288 4824
160.872 0.0606079 4824 5360
160.876 0.00379944 5360 4288
160.933 0.0577698 4288 4020
160.934 0.000473022 4020 3752
160.937 0.00331116 3752 4020
161.057 0.119797 4020 3216
161.118 0.0615387 3216 3484
161.18 0.061554 3484 3752
161.184 0.0038147 3752 3828
161.245 0.0615387 3828 4288
161.366 0.120239 4288 3752
161.367 0.000946045 3752 3484
161.368 0.00193787 3484 3216
161.369 0.000976562 3216 2680
161.431 0.061554 2680 3216
161.493 0.0615845 3216 2680
161.555 0.0620422 2680 3216
162.307 0.752274 3216 536
162.63 0.32309 536 1072
162.692 0.0620117 1072 1608
162.754 0.0620117 1608 2144
162.817 0.0625153 2144 1608
162.939 0.122635 1608 1786
163.001 0.061554 1786 1946
163.062 0.0615387 1946 2093
163.124 0.061554 2093 2230
163.185 0.0615387 2230 2358
163.186 0.000946045 2358 2479
163.247 0.0610657 2479 2594
163.248 0.000946045 2594 2704
163.309 0.0610809 2704 2810
163.371 0.0615387 2810 2912
163.432 0.061554 2912 3010
163.494 0.061554 3010 2144
163.495 0.000473022 2144 1608
163.617 0.12262 1608 1786
163.679 0.061554 1786 1946
163.74 0.0615387 1946 2093
163.802 0.061554 2093 2230
163.863 0.0615387 2230 2358
163.864 0.000946045 2358 2479
163.926 0.0620422 2479 1608
164.11 0.183746 1608 1072
164.172 0.0615387 1072 1608
164.233 0.061554 1608 1786
164.295 0.0615387 1786 1946
164.356 0.061554 1946 2093
164.418 0.0615387 2093 2230
164.479 0.061554 2230 2358
164.48 0.000930786 2358 2479
164.541 0.0610809 2479 2594
164.542 0.000946045 2594 2704
164.603 0.0610657 2704 2810
164.665 0.061554 2810 2912
164.726 0.0615387 2912 3010
164.788 0.061554 3010 3105
164.85 0.0615387 3105 3197
164.911 0.061554 3197 3286
164.973 0.0615387 3286 3373
164.975 0.00189209 3373 3458
165.036 0.0610657 3458 3541
165.037 0.000946045 3541 3622
165.099 0.062027 3622 3701
165.16 0.0610657 3701 3778
165.222 0.0625153 3778 3216
165.223 0.000473022 3216 2680
165.223 0.000473022 2680 2144
165.283 0.0596771 2144 1608
165.345 0.0624847 1608 1786
165.407 0.0615387 1786 1946
165.468 0.061554 1946 2093
165.53 0.0615387 2093 2230
165.591 0.061554 2230 2358
165.592 0.000946045 2358 2479
165.653 0.0610657 2479 2594
165.654 0.000946045 2594 2704
165.715 0.0610657 2704 2810
165.777 0.061554 2810 2912
165.839 0.0615387 2912 3010
165.9 0.061554 3010 3105
165.962 0.0615387 3105 3197
166.025 0.0629883 3197 2144
166.085 0.0606232 2144 1608
166.148 0.0624847 1608 1786
166.209 0.0615387 1786 1946
166.271 0.061554 1946 2093
166.332 0.0615387 2093 2230
166.394 0.061554 2230 2358
166.395 0.000946045 2358 2479
166.456 0.0610657 2479 2594
166.457 0.000946045 2594 2704
166.518 0.0610809 2704 2810
166.579 0.0615387 2810 2912
166.641 0.0615387 2912 3010
166.703 0.061554 3010 3105
166.764 0.0615387 3105 3197
166.826 0.061554 3197 3286
166.887 0.0615387 3286 3373
166.889 0.00189209 3373 3458
166.95 0.0610657 3458 3541
167.011 0.0610809 3541 3622
167.073 0.0615692 3622 2680
167.073 0.000473022 2680 2144
167.074 0.000961304 2144 1608
167.137 0.0624847 1608 1786
167.198 0.061554 1786 1946
167.26 0.0615387 1946 2093
167.321 0.0615387 2093 2230
167.383 0.061554 2230 2358
167.384 0.000946045 2358 2479
167.445 0.0610657 2479 2594
167.446 0.000946045 2594 2704
167.507 0.0610809 2704 2810
167.569 0.0625 2810 2144
167.57 0.000473022 2144 1608
167.692 0.122162 1608 1786
167.754 0.061554 1786 1946
167.815 0.0615387 1946 2093
167.877 0.061554 2093 2230
167.939 0.0624847 2230 2358
168.001 0.062027 2358 2479
168.124 0.123123 2479 1608
168.187 0.0624847 1608 1786
168.248 0.061554 1786 1946
168.31 0.0615387 1946 2093
168.372 0.061554 2093 2230
168.433 0.0615387 2230 2358
168.434 0.000946045 2358 2479
168.495 0.0610657 2479 2594
168.496 0.000946045 2594 2704
168.557 0.0610809 2704 2810
168.619 0.0615387 2810 2912
168.68 0.061554 2912 3010
168.742 0.0615387 3010 3105
168.803 0.061554 3105 3197
168.865 0.0615387 3197 3286
168.926 0.061554 3286 3373
168.928 0.00187683 3373 3458
168.989 0.0610809 3458 3541
169.05 0.0610657 3541 3622
169.052 0.00189209 3622 3701
169.113 0.0610809 3701 3778
169.174 0.0610657 3778 3854
169.236 0.061554 3854 4288
169.3 0.0643921 4288 3216
169.423 0.123108 3216 3752
169.485 0.0610809 3752 3828
169.546 0.0615387 3828 4288
169.672 0.125458 4288 4824
169.733 0.0610657 4824 5360
169.794 0.061554 5360 5896
169.917 0.12262 5896 6432
170.044 0.127335 6432 6968
170.106 0.0620117 6968 7504
170.169 0.0625153 7504 6968
170.169 0.000473022 6968 6600
170.17 0.000473022 6600 6416
170.224 0.0544434 6416 5628
170.225 0.000473022 5628 5360
170.23 0.00567627 5360 5628
170.286 0.0558777 5628 5360
170.288 0.00144958 5360 4824
170.349 0.0615387 4824 5628
170.353 0.00428772 5628 4824
170.41 0.056839 4824 4288
170.415 0.00473022 4288 4824
170.415 0 4824 5092
170.471 0.0558777 5092 4824
170.472 0.000946045 4824 5092
170.532 0.0605927 5092 5360
170.718 0.186081 5360 4824
170.903 0.184204 4824 4288
170.906 0.00334167 4288 3752
170.964 0.0582123 3752 4288
171.09 0.125961 4288 4824
171.151 0.0610352 4824 5360
171.214 0.0625 5360 5896
171.397 0.183701 5896 5360
171.398 0.000473022 5360 4969
171.399 0.000946045 4969 4422
171.399 0.000473022 4422 4288
171.402 0.00239563 4288 3752
171.459 0.0572815 3752 4422
171.46 0.00141907 4422 4288
171.463 0.00285339 4288 4422
171.525 0.0615692 4422 4824
171.585 0.0605774 4824 4883
171.647 0.0615387 4883 5360
171.77 0.123581 5360 4824
171.771 0.000473022 4824 4422
171.771 0.000473022 4422 4288
171.832 0.0606079 4288 4422
171.894 0.0615692 4422 4824
172.014 0.120728 4824 5360
172.077 0.0625 5360 4824
172.079 0.00236511 4824 4422
172.08 0.000930786 4422 4288
172.138 0.0582581 4288 4422
172.2 0.0615692 4422 4824
172.323 0.12262 4824 5360
172.511 0.1884 5360 5896
172.574 0.0625305 5896 5456
172.574 0.000915527 5456 5236
172.632 0.0573425 5236 4288
172.633 0.000976562 4288 3752
172.634 0.000915527 3752 4422
172.634 0.000473022 4422 4288
172.693 0.0592041 4288 4422
172.694 0.000473022 4422 4288
172.694 0.000473022 4288 4422
172.757 0.0629578 4422 3752
172.819 0.061554 3752 3886
172.88 0.061554 3886 3216
172.942 0.0615845 3216 3350
173.005 0.0634003 3350 3752
173.065 0.0592499 3752 3828
173.126 0.0615387 3828 4288
173.192 0.0657349 4288 4355
173.253 0.0610809 4355 4824
173.314 0.0606537 4824 5360
173.375 0.0615387 5360 5896
173.437 0.0615692 5896 5360
173.437 0.000473022 5360 4969
173.438 0.000473022 4969 4422
173.439 0.000946045 4422 4288
173.499 0.0601349 4288 4422
173.564 0.0648499 4422 4824
173.625 0.0610657 4824 5360
173.683 0.0587463 5360 4824
173.684 0.000930786 4824 4422
173.685 0.000473022 4422 4288
173.745 0.0601501 4288 4422
173.807 0.0615692 4422 4824
173.812 0.00517273 4824 5360
173.873 0.0615387 5360 5896
173.934 0.0610504 5896 6432
173.996 0.061554 6432 6968
174.116 0.119843 6968 6432
174.116 0.000473022 6432 6057
174.118 0.00231934 6057 5870
174.119 0.000473022 5870 5226
174.119 0.000473022 5226 4824
174.177 0.0578003 4824 5226
174.183 0.00611877 5226 4288
174.245 0.061554 4288 4690
174.306 0.061554 4690 4824
174.368 0.0610809 4824 5360
174.429 0.0615387 5360 5896
174.494 0.0653534 5896 5450
174.552 0.0572662 5450 5226
174.552 0.000473022 5226 4690
174.553 0.000488281 4690 4288
174.555 0.00236511 4288 4690
174.556 0.000946045 4690 4288
174.557 0.000946045 4288 4690
174.618 0.0610657 4690 4824
174.681 0.0629883 4824 4288
174.805 0.124054 4288 4824
174.866 0.0610657 4824 5360
174.928 0.061554 5360 5896
174.992 0.0639191 5896 4824
174.992 0.000473022 4824 4422
175.047 0.0549164 4422 4288
175.054 0.00665283 4288 4422
175.17 0.11644 4422 4824
175.177 0.00665283 4824 4883
175.239 0.0624847 4883 5360
175.362 0.12262 5360 5896
175.423 0.0610809 5896 6432
175.484 0.0615387 6432 6968
175.551 0.0662842 6968 6432
175.551 0.000473022 6432 6057
175.603 0.0520935 6057 5870
175.608 0.00474548 5870 5226
175.608 0.000473022 5226 4288
175.611 0.00238037 4288 3752
175.612 0.00143433 3752 5226
175.671 0.0587311 5226 4824
175.672 0.000946045 4824 4288
175.672 0.000457764 4288 5226
175.673 0.000961304 5226 4824
175.734 0.0606232 4824 5226
175.735 0.00141907 5226 4824
175.736 0.000473022 4824 4690
175.736 0.000473022 4690 4288
175.797 0.0606079 4288 4690
175.797 0.000473022 4690 4288
175.798 0.000473022 4288 3752
175.859 0.0615692 3752 4690
175.921 0.0610962 4690 4751
175.983 0.0620117 4751 4824
176.044 0.0610809 4824 5360
176.046 0.00190735 5360 4824
176.046 0.000473022 4824 4690
176.047 0.000473022 4690 4288
176.108 0.0610504 4288 4690
176.168 0.0601654 4690 3752
176.23 0.0620117 3752 4154
176.291 0.0610962 4154 4288
176.352 0.061554 4288 4355
176.354 0.00187683 4355 4420
176.416 0.062027 4420 4824
176.477 0.0610657 4824 5360
176.539 0.061554 5360 5896
176.662 0.12262 5896 6432
176.789 0.127335 6432 6968
176.85 0.0610809 6968 7504
176.909 0.0592041 7504 6968
176.91 0.000457764 6968 6600
176.91 0.000473022 6600 6416
176.911 0.000473022 6416 5628
176.911 0.000473022 5628 5360
176.913 0.00238037 5360 4824
176.971 0.0572968 4824 5628
176.973 0.00189209 5628 5360
176.975 0.00236511 5360 5628
177.037 0.061554 5628 5896
177.098 0.0610809 5896 6432
177.16 0.0619965 6432 6968
177.283 0.123581 6968 6432
177.284 0.000473022 6432 6111
177.284 0.000473022 6111 5628
177.285 0.000473022 5628 5360
177.345 0.0601349 5360 5628
177.47 0.125458 5628 4824
177.532 0.061554 4824 5092
177.591 0.0592346 5092 4288
177.595 0.00424194 4288 3752
177.653 0.0578003 3752 4288
177.653 0 4288 4556
177.655 0.00187683 4556 4288
177.657 0.00186157 4288 4556
177.715 0.0583038 4556 3752
177.777 0.0615387 3752 4020
177.838 0.0610962 4020 4288
177.899 0.0615387 4288 4824
177.965 0.0657654 4824 5360
178.027 0.062027 5360 4824
178.028 0.000473022 4824 4422
178.084 0.0568695 4422 4020
178.085 0.000473022 4020 3752
178.089 0.00375366 3752 4020
178.146 0.0578156 4020 3216
178.208 0.0615387 3216 4020
178.211 0.00331116 4020 4091
178.273 0.0615387 4091 4288
178.395 0.121674 4288 4824
178.456 0.0610809 4824 5360
178.517 0.0615387 5360 5896
178.52 0.00238037 5896 5360
178.52 0.000473022 5360 4969
178.52 0.000473022 4969 4422
178.521 0.000473022 4422 4288
178.582 0.0605927 4288 4422
178.704 0.12265 4422 4824
178.765 0.0610504 4824 5360
178.827 0.0615387 5360 5896
178.949 0.12262 5896 6432
178.954 0.00427246 6432 5896
179.011 0.0572968 5896 5514
179.011 0.000473022 5514 4824
179.077 0.0653381 4824 5360
179.26 0.18367 5360 5896
179.322 0.0610809 5896 6432
179.326 0.00476074 6432 5896
179.384 0.0572815 5896 4824
179.449 0.0658264 4824 5360
179.51 0.0610962 5360 4824
179.631 0.120712 4824 4288
179.756 0.125 4288 4824
179.759 0.00241089 4824 4288
180.003 0.244293 4288 3752
180.066 0.0634308 3752 3828
180.128 0.0615692 3828 3216
180.189 0.0615387 3216 3292
180.25 0.0606232 3292 3379
180.253 0.00279236 3379 3464
180.313 0.0606232 3464 3546
180.374 0.0606232 3546 3627
180.377 0.00279236 3627 3706
180.437 0.0606232 3706 3783
180.5 0.0620422 3783 3216
180.561 0.061554 3216 3247
180.562 0.000473022 3247 3216
180.562 0.000473022 3216 2680
180.624 0.0615692 2680 3247
180.685 0.0615692 3247 3335
180.748 0.0625 3335 2680
180.87 0.122162 2680 2799
180.871 0.000946045 2799 2901
180.933 0.062027 2901 3000
180.994 0.0615387 3000 3095
181.056 0.061554 3095 3187
181.178 0.122162 3187 2144
181.24 0.0615387 2144 2651
181.301 0.061554 2651 2759
181.303 0.00190735 2759 2863
181.365 0.0615387 2863 2963
181.427 0.0620422 2963 2144
181.488 0.0615387 2144 2427
181.55 0.0615692 2427 2545
181.611 0.0610504 2545 2657
181.612 0.000961304 2657 2765
181.673 0.0610657 2765 2868
181.734 0.0615387 2868 2968
181.796 0.061554 2968 3064
181.857 0.0615387 3064 3157
181.919 0.061554 3157 3248
181.981 0.0615387 3248 3336
181.982 0.00189209 3336 3422
182.044 0.0610657 3422 3505
182.105 0.0610809 3505 3586
182.107 0.00190735 3586 2680
182.166 0.0596466 2680 2427
182.167 0.000473022 2427 2144
182.168 0.00141907 2144 2427
182.23 0.0615692 2427 2545
182.291 0.0610657 2545 2657
182.292 0.000946045 2657 2765
182.353 0.0610809 2765 2868
182.414 0.0615387 2868 2968
182.476 0.061554 2968 3064
182.537 0.0615387 3064 3157
182.599 0.061554 3157 3248
182.66 0.0615387 3248 3336
182.662 0.00189209 3336 3422
182.784 0.122162 3422 3216
182.785 0.000961304 3216 2684
182.786 0.000473022 2684 2427
182.907 0.121185 2427 2545
182.909 0.00141907 2545 2657
182.969 0.0605927 2657 2765
182.971 0.00141907 2765 2868
183.032 0.061554 2868 2968
183.094 0.0615387 2968 3064
183.155 0.061554 3064 3157
183.217 0.0615387 3157 3248
183.278 0.061554 3248 3336
183.339 0.0610657 3336 3422
183.341 0.00189209 3422 3505
183.402 0.0610657 3505 3586
183.463 0.0610809 3586 3666
183.465 0.00189209 3666 3744
183.526 0.0610657 3744 3820
183.587 0.0610809 3820 3895
183.649 0.0615387 3895 4288
183.774 0.125458 4288 4824
183.835 0.0610657 4824 5360
183.897 0.061554 5360 5896
184.02 0.123108 5896 5360
184.021 0.000473022 5360 4969
184.021 0.000473022 4969 4422
184.022 0.000473022 4422 4288
184.084 0.0620117 4288 4422
184.145 0.0615387 4422 4824
184.149 0.00379944 4824 5360
184.21 0.061554 5360 5896
184.272 0.061554 5896 5360
184.272 0.000473022 5360 4969
184.273 0.000473022 4969 4422
184.273 0.000473022 4422 4288
184.334 0.0606079 4288 4422
184.396 0.061554 4422 4824
184.457 0.0610809 4824 5360
184.518 0.0615387 5360 5896
184.64 0.121643 5896 6432
184.766 0.125977 6432 5896
184.766 0.000473022 5896 5514
184.767 0.000473022 5514 4824
184.888 0.121689 4824 5360
184.95 0.061554 5360 5896
185.072 0.122086 5896 6432
185.134 0.0615692 6432 5896
185.134 0.000473022 5896 5514
185.135 0.000473022 5514 4824
185.201 0.0662994 4824 5360
185.262 0.0615387 5360 5896
185.325 0.0625153 5896 5360
185.325 0.000473022 5360 4824
185.506 0.18042 4824 4288
185.629 0.123123 4288 4824
185.635 0.00566101 4824 5360
185.696 0.0615387 5360 5896
185.757 0.0606079 5896 5360
185.758 0.000961304 5360 4969
185.758 0.000473022 4969 4422
185.759 0.000473022 4422 4288
185.818 0.0596313 4288 4422
185.88 0.0615692 4422 4824
185.945 0.0648956 4824 4288
186 0.0549316 4288 3752
186.006 0.00662231 3752 4288
186.127 0.120728 4288 4355
186.13 0.00331116 4355 4420
186.19 0.0596619 4420 4484
186.251 0.0610657 4484 4548
186.254 0.00331116 4548 4611
186.315 0.0605927 4611 4824
186.376 0.0610809 4824 5360
186.438 0.0615387 5360 5896
186.56 0.12262 5896 6432
186.688 0.12735 6432 6968
186.748 0.0606079 6968 6550
186.749 0.000473022 6550 6340
186.749 0.000473022 6340 6131
186.75 0.000473022 6131 5922
186.75 0.000473022 5922 5712
186.751 0.000473022 5712 5226
186.751 0.000473022 5226 4824
186.809 0.0577698 4824 5226
186.87 0.0610962 5226 5360
186.931 0.0615387 5360 5896
186.998 0.0662537 5896 6432
187.12 0.122162 6432 6968
187.18 0.0596771 6968 6432
187.18 0.000473022 6432 6057
187.181 0.000473022 6057 5870
187.181 0.000473022 5870 5226
187.181 0.000473022 5226 4824
187.244 0.0625 4824 5226
187.302 0.0578003 5226 4824
187.302 0.000473022 4824 4690
187.303 0.000457764 4690 4288
187.307 0.00471497 4288 4690
187.491 0.183701 4690 4824
187.549 0.0582428 4824 5360
187.611 0.061554 5360 5896
187.615 0.0042572 5896 5360
187.616 0.000473022 5360 5010
187.616 0.000473022 5010 4690
187.617 0.000473022 4690 4288
187.677 0.0601349 4288 4690
187.738 0.061554 4690 4824
187.797 0.0591736 4824 5360
187.859 0.0615387 5360 5896
187.921 0.0620422 5896 5360
187.921 0.000473022 5360 5010
187.922 0.000946045 5010 4690
187.924 0.00143433 4690 4288
187.983 0.0587006 4288 4690
188.044 0.0611115 4690 3752
188.05 0.00614929 3752 3216
188.105 0.0554047 3216 3752
188.111 0.00613403 3752 4154
188.228 0.116974 4154 4288
188.29 0.061554 4288 4355
188.292 0.00238037 4355 3752
188.413 0.120728 3752 3819
188.415 0.00238037 3819 3894
188.477 0.0620422 3894 3216
188.539 0.0620117 3216 3358
188.662 0.122192 3358 2144
188.723 0.061554 2144 2680
188.724 0.000457764 2680 2822
188.785 0.0615692 2822 2923
188.847 0.0615387 2923 3021
188.908 0.061554 3021 3116
188.97 0.0615387 3116 3208
189.031 0.0615692 3208 2144
189.093 0.0615387 2144 2672
189.155 0.061554 2672 2779
189.216 0.0610504 2779 2882
189.277 0.0615387 2882 2981
189.339 0.0620422 2981 2144
189.401 0.0615387 2144 2445
189.462 0.0615692 2445 2562
189.464 0.00190735 2562 2674
189.524 0.0601196 2674 2781
189.587 0.0625 2781 2144
189.649 0.062027 2144 2245
189.71 0.061554 2245 2372
189.771 0.0610809 2372 2493
189.772 0.000946045 2493 2608
189.833 0.0610657 2608 2718
189.834 0.000946045 2718 2823
189.896 0.0620117 2823 2924
189.958 0.061554 2924 3022
190.02 0.0615387 3022 3117
190.081 0.061554 3117 3209
190.143 0.062027 3209 2144
190.205 0.062027 2144 2245
190.267 0.0615692 2245 2372
190.328 0.0610657 2372 2493
190.329 0.000946045 2493 2608
190.39 0.0610657 2608 2718
190.391 0.000946045 2718 2823
190.453 0.062027 2823 2924
190.514 0.0615387 2924 3022
190.576 0.061554 3022 3117
190.637 0.0615387 3117 3209
190.699 0.0620422 3209 2144
190.761 0.062027 2144 2245
190.822 0.0601501 2245 2144
190.823 0.000961304 2144 1608
190.884 0.061554 1608 2245
190.945 0.0605927 2245 2372
190.946 0.00141907 2372 2493
191.007 0.0606079 2493 2608
191.13 0.123123 2608 1608
191.191 0.061554 1608 2072
191.192 0.000488281 2072 1608
191.253 0.0615692 1608 1072
191.315 0.0615387 1072 2072
191.377 0.0615387 2072 2210
191.438 0.061554 2210 2339
191.439 0.000946045 2339 2461
191.501 0.0620117 2461 2577
191.563 0.062027 2577 2688
191.564 0.000930786 2688 2794
191.626 0.062027 2794 2896
191.688 0.0615387 2896 2995
191.81 0.122177 2995 2144
191.81 0.000457764 2144 2072
191.811 0.00050354 2072 1608
191.871 0.0605774 1608 2072
191.873 0.00143433 2072 2210
191.934 0.061554 2210 2339
191.935 0.000930786 2339 2461
191.996 0.0610809 2461 2577
191.997 0.000946045 2577 2688
192.06 0.0625 2688 2144
192.12 0.0606232 2144 2072
192.121 0.000473022 2072 1608
192.997 0.876404 1608 536
193.32 0.32309 536 1072
193.582 0.261551 1072 1340
193.767 0.184692 1340 536
193.828 0.0615387 536 1072
193.828 0 1072 1340
193.89 0.0620117 1340 1554
193.952 0.062027 1554 1738
194.014 0.0620117 1738 1903
194.076 0.061554 1903 2053
194.137 0.0615387 2053 2192
194.199 0.061554 2192 2323
194.2 0.000930786 2323 2446
194.261 0.0610809 2446 2563
194.262 0.000946045 2563 2675
194.323 0.0610657 2675 2782
194.324 0.000946045 2782 2885
194.386 0.062027 2885 2984
194.447 0.0615387 2984 3080
194.509 0.061554 3080 3173
194.57 0.0615387 3173 3263
194.632 0.0615387 3263 3351
194.693 0.0610809 3351 3436
194.695 0.00189209 3436 3519
194.756 0.0610657 3519 3600
194.817 0.0610809 3600 3679
194.819 0.00187683 3679 3757
194.881 0.0620422 3757 3752
194.881 0.000473022 3752 3216
194.942 0.0601501 3216 2680
194.942 0.000473022 2680 2144
194.943 0.000473022 2144 1608
194.943 0.000442505 1608 1072
194.944 0.000946045 1072 1340
195.006 0.061554 1340 1554
195.068 0.0620117 1554 1738
195.13 0.062027 1738 1903
195.191 0.0615387 1903 2053
195.253 0.0615387 2053 2192
195.314 0.061554 2192 2323
195.315 0.000946045 2323 2446
195.376 0.0610657 2446 2563
195.377 0.000946045 2563 2675
195.438 0.0610809 2675 2782
195.439 0.000946045 2782 2885
195.501 0.0620117 2885 2984
195.563 0.0615387 2984 3080
195.624 0.061554 3080 3173
195.686 0.0615387 3173 3263
195.747 0.061554 3263 3351
195.749 0.00189209 3351 3436
195.811 0.061554 3436 3216
195.811 0.000473022 3216 2680
195.871 0.0601501 2680 2144
195.872 0.000473022 2144 1608
195.872 0.000457764 1608 1072
195.873 0.000946045 1072 1340
195.935 0.0615387 1340 1554
195.997 0.0620117 1554 1738
196.059 0.062027 1738 1903
196.183 0.124069 1903 1608
196.244 0.0610809 1608 1072
196.245 0.000930786 1072 1340
196.307 0.061554 1340 1554
196.369 0.0620117 1554 1738
196.431 0.062027 1738 1903
196.492 0.0615387 1903 2053
196.554 0.061554 2053 2192
196.616 0.0624847 2192 2323
196.678 0.0620117 2323 2446
196.679 0.000946045 2446 2563
196.741 0.062027 2563 2675
196.803 0.0620117 2675 2782
196.804 0.000946045 2782 2885
196.866 0.0620117 2885 2984
196.928 0.061554 2984 3080
196.989 0.0615387 3080 3173
197.051 0.061554 3173 3263
197.112 0.0615387 3263 3351
197.173 0.0610657 3351 3436
197.175 0.00189209 3436 3519
197.236 0.0610809 3519 3600
197.297 0.0610657 3600 3679
197.299 0.00189209 3679 3757
197.36 0.0610809 3757 3833
197.423 0.0625 3833 3216
197.423 0.000473022 3216 2680
197.483 0.0591888 2680 2144
197.483 0.000473022 2144 1608
197.483 0.000488281 1608 1072
197.546 0.0624847 1072 1340
197.608 0.062027 1340 1554
197.67 0.0620117 1554 1738
197.732 0.0620117 1738 1903
197.856 0.124084 1903 1072
197.979 0.123108 1072 1340
198.041 0.0620117 1340 1554
198.103 0.062027 1554 1738
198.165 0.0620117 1738 1903
198.227 0.0615387 1903 2053
198.288 0.061554 2053 2192
198.35 0.0615387 2192 2323
198.351 0.000946045 2323 2446
198.412 0.0610809 2446 2563
198.413 0.000946045 2563 2675
198.474 0.0610657 2675 2782
198.475 0.000946045 2782 2885
198.598 0.123108 2885 2144
198.599 0.000961304 2144 1608
198.599 0.000473022 1608 1072
198.721 0.121674 1072 1340
198.783 0.062027 1340 1554
198.845 0.0620117 1554 1738
198.907 0.0620117 1738 1903
198.969 0.061554 1903 2053
199.03 0.0615387 2053 2192
199.093 0.0625 2192 2323
199.155 0.0620117 2323 2446
199.156 0.000946045 2446 2563
199.217 0.0610657 2563 2675
199.218 0.000946045 2675 2782
199.279 0.0610809 2782 2885
199.34 0.0615387 2885 2984
199.402 0.061554 2984 3080
199.463 0.0615387 3080 3173
199.525 0.061554 3173 3263
199.587 0.0615387 3263 3351
199.588 0.00189209 3351 3436
199.649 0.0610657 3436 3519
199.712 0.0620422 3519 2680
199.712 0.000473022 2680 2144
199.772 0.0601654 2144 1608
199.773 0.000473022 1608 1072
200.65 0.877792 1072 536
202.712 2.06157 536 1072
202.712 0 1072 1340
202.835 0.123093 1340 1554
202.897 0.0620117 1554 1738
202.959 0.062027 1738 1903
203.021 0.0615387 1903 2053
203.082 0.061554 2053 2192
203.144 0.0615387 2192 2323
203.145 0.000946045 2323 2446
203.206 0.0610657 2446 2563
203.207 0.000946045 2563 2675
203.33 0.123138 2675 1608
203.33 0.000473022 1608 1072
203.453 0.12262 1072 1340
203.515 0.0620117 1340 1554
203.577 0.0620117 1554 1738
203.639 0.062027 1738 1903
203.701 0.0615387 1903 2053
203.762 0.061554 2053 2192
203.824 0.0615387 2192 2323
203.825 0.000946045 2323 2446
203.886 0.0610657 2446 2563
203.887 0.000946045 2563 2675
203.948 0.0610809 2675 2782
203.949 0.000946045 2782 2885
204.011 0.0620117 2885 2984
204.072 0.061554 2984 3080
204.134 0.0615387 3080 3173
204.195 0.0615387 3173 3263
204.257 0.061554 3263 3351
204.318 0.0610657 3351 3436
204.32 0.00189209 3436 3519
204.381 0.0610809 3519 3600
204.442 0.0610657 3600 3679
204.444 0.00189209 3679 3757
204.505 0.0610657 3757 3833
204.566 0.061554 3833 4288
204.692 0.125443 4288 4824
204.753 0.0610809 4824 5360
204.814 0.0615387 5360 5896
204.937 0.12262 5896 6432
204.941 0.00379944 6432 5896
204.999 0.0577698 5896 4824
205.064 0.0653229 4824 5360
205.187 0.12262 5360 5896
205.247 0.0606232 5896 4824
205.369 0.122162 4824 5360
205.555 0.186081 5360 4824
206.294 0.738113 4824 4288
206.421 0.127335 4288 4824
206.481 0.0605774 4824 5360
206.543 0.061554 5360 5896
206.666 0.12265 5896 6432
206.849 0.183701 6432 6968
206.854 0.00471497 6968 7504
206.916 0.0620117 7504 8040
206.979 0.0625153 8040 7504
206.979 0.000473022 7504 7142
206.98 0.000473022 7142 6961
207.035 0.0554047 6961 6030
207.035 0.000473022 6030 5896
207.039 0.0038147 5896 5360
207.041 0.00140381 5360 6030
207.098 0.057312 6030 5896
207.099 0.00143433 5896 4824
207.101 0.00141907 4824 6030
207.101 0.000473022 6030 5896
207.102 0.000473022 5896 5494
207.102 0.000473022 5494 5360
207.161 0.0587311 5360 5494
207.163 0.00186157 5494 5360
207.164 0.000946045 5360 5494
207.225 0.0610809 5494 5896
207.287 0.062027 5896 5360
207.349 0.0620422 5360 4824
207.411 0.0615692 4824 5360
207.473 0.062027 5360 5896
207.532 0.0592041 5896 6432
207.537 0.00521851 6432 5896
207.537 0.000473022 5896 5360
207.538 0.000473022 5360 4824
207.599 0.0606079 4824 5360
207.656 0.0573273 5360 4824
207.717 0.0615387 4824 5360
207.72 0.00285339 5360 4824
207.842 0.122162 4824 4288
207.966 0.123093 4288 4824
208.026 0.0606232 4824 5360
208.088 0.061554 5360 5896
208.154 0.0667114 5896 6432
208.338 0.183716 6432 6968
208.399 0.0610962 6968 6432
208.4 0.000457764 6432 6057
208.4 0.000473022 6057 5870
208.401 0.000473022 5870 5226
208.401 0.000473022 5226 4824
208.461 0.0596619 4824 5226
208.522 0.0610962 5226 5360
208.584 0.062027 5360 4824
209.264 0.680054 4824 4288
209.325 0.0615692 4288 4824
209.451 0.125519 4824 4288
209.513 0.0620422 4288 4824
209.526 0.0125427 4824 536
209.849 0.32309 536 1072
209.911 0.0620117 1072 1608
209.973 0.062027 1608 2144
210.034 0.0615387 2144 2680
210.035 0.000946045 2680 3216
210.096 0.0610809 3216 3752
210.097 0.000946045 3752 4288
210.097 0 4288 4355
210.222 0.124985 4355 3752
210.283 0.0611115 3752 3216
210.284 0.000457764 3216 3752
210.345 0.0610962 3752 3819
210.406 0.0611267 3819 3216
210.406 0.000473022 3216 2680
210.468 0.0611115 2680 3216
210.468 0.000457764 3216 3283
210.47 0.00190735 3283 2680
210.531 0.0615387 2680 3283
210.593 0.061554 3283 3370
210.653 0.0596771 3370 3455
210.656 0.00328064 3455 3538
210.717 0.0610809 3538 3619
210.777 0.0596771 3619 3698
210.78 0.00328064 3698 3775
210.841 0.0610657 3775 3851
210.903 0.061554 3851 4288
210.964 0.0615387 4288 4824
211.085 0.121231 4824 5360
