Waf: Entering directory `/home/anon/tarball/ns-allinone-3.35/ns-3.35/build'
Waf: Leaving directory `/home/anon/tarball/ns-allinone-3.35/ns-3.35/build'
Build commands will be stored in build/compile_commands.json
'build' finished successfully (0.651s)
0.0602784 0.0602784 0 5360
0.121867 0.0615888 5360 5896
0.124246 0.0023792 5896 5360
0.371941 0.247694 5360 4824
0.433978 0.0620368 4824 5360
0.676461 0.242483 5360 4824
0.738026 0.0615648 4824 5360
0.864517 0.126491 5360 4824
0.926082 0.0615648 4824 5360
1.12187 0.195786 5360 536
1.44496 0.323091 536 1072
1.50698 0.0620176 1072 1608
1.56899 0.0620176 1608 2144
1.63054 0.0615456 2144 2680
1.63148 0.000944018 2680 3216
1.69256 0.0610737 3216 3752
1.6935 0.000943899 3752 4288
1.69444 0.000944018 4288 4824
2.37335 0.678909 4824 4288
2.55848 0.185128 4288 4824
2.62005 0.0615647 4824 4288
2.8047 0.184656 4288 4824
2.80799 0.00328493 4824 5360
2.86955 0.0615647 5360 5896
2.93063 0.0610738 5896 6432
2.99312 0.0624895 6432 6968
3.05374 0.0606208 6968 6432
3.05421 0.000472069 6432 6057
3.05468 0.000472069 6057 5870
3.05515 0.00047183 5870 5226
3.05562 0.000472069 5226 4824
3.11575 0.0601296 4824 5226
3.48556 0.369803 5226 4288
3.48603 0.000472069 4288 3216
3.54712 0.0610926 3216 3752
3.54759 0.000472069 3752 4288
3.5485 0.000905514 4288 4690
3.61057 0.0620754 4690 4824
3.67165 0.0610735 4824 5360
3.73319 0.0615456 5360 5896
3.85676 0.123563 5896 6432
3.9183 0.0615456 6432 6968
3.98504 0.0667377 6968 7504
4.10766 0.122619 7504 8040
4.17017 0.0625086 8040 7504
4.17064 0.000472069 7504 7142
4.17111 0.000472069 7142 6961
4.17158 0.000472069 6961 6030
4.17206 0.000472069 6030 5896
4.23219 0.0601292 5896 6030
4.3539 0.121714 6030 5360
4.41544 0.0615458 5360 5494
4.59959 0.184145 5494 5896
4.66066 0.0610738 5896 6432
4.72315 0.0624895 6432 6968
4.78708 0.0639248 6968 6432
4.78755 0.000472069 6432 6093
4.78802 0.000472069 6093 5494
4.78849 0.000472069 5494 5360
4.84862 0.0601296 5360 5494
4.91066 0.0620365 5494 5896
4.97173 0.0610738 5896 6432
5.03328 0.0615454 6432 6968
5.09909 0.0658131 6968 6432
5.15354 0.0544462 6432 6093
5.15401 0.000472069 6093 5494
5.15686 0.00285101 5494 5360
5.16113 0.00426722 5360 5494
5.21843 0.0572977 5494 4824
5.28092 0.0624895 4824 5494
5.2852 0.00428629 5494 5896
5.34628 0.0610738 5896 6432
5.40877 0.0624895 6432 6968
5.53093 0.122167 6968 6432
5.5314 0.000472069 6432 6093
5.53188 0.000471592 6093 5494
5.53235 0.000472069 5494 5360
5.59248 0.0601296 5360 5494
5.71413 0.121656 5494 5896
5.72031 0.00617456 5896 5360
5.90166 0.181352 5360 5896
5.96222 0.0605631 5896 6432
5.96747 0.0052495 6432 5896
5.96795 0.000472069 5896 5360
6.03045 0.0625091 5360 4824
6.092 0.0615454 4824 5360
6.15309 0.0610929 5360 5896
6.21417 0.0610733 5896 6432
6.27571 0.0615458 6432 6968
6.39929 0.123582 6968 6566
6.39977 0.000472069 6566 6365
6.40024 0.000472069 6365 5360
6.51857 0.118333 5360 5896
6.57964 0.0610733 5896 6432
6.64119 0.0615458 6432 6968
6.71035 0.0691552 6968 6432
6.71082 0.000472069 6432 6075
6.71129 0.000471592 6075 5360
6.83346 0.122167 5360 5896
6.89215 0.0586944 5896 5360
7.01526 0.12311 5360 5896
7.0773 0.062037 5896 5360
7.13599 0.0586944 5360 4824
7.13886 0.00287056 4824 5360
7.19997 0.0611119 5360 4824
7.32069 0.120712 4824 5360
7.38223 0.0615458 5360 5896
7.45092 0.0686831 5896 6432
7.57066 0.119749 6432 6968
7.63172 0.0610547 6968 7504
7.69326 0.0615454 7504 8040
7.699 0.00574064 8040 7504
7.75294 0.053936 7504 7142
7.75341 0.000472069 7142 6961
7.75388 0.000472069 6961 6030
7.75436 0.000472069 6030 5896
7.76055 0.00619364 5896 6030
7.82164 0.0610929 6030 6432
7.94277 0.121126 6432 6968
8.00384 0.0610738 6968 7504
8.06539 0.0615454 7504 8040
8.12601 0.0606213 8040 7504
8.12648 0.000472069 7504 7142
8.12695 0.000471115 7142 6961
8.12743 0.000472069 6961 6030
8.1279 0.000472069 6030 5896
8.18805 0.0601492 5896 6030
8.18946 0.00141621 6030 5360
8.25101 0.0615454 5360 6030
8.3741 0.123091 6030 6432
8.43429 0.0601873 6432 5896
8.55692 0.122639 5896 6432
8.74717 0.190243 6432 6968
8.80824 0.0610743 6968 7504
8.86979 0.0615454 7504 8040
8.92905 0.0592623 8040 7504
8.93135 0.00230217 7504 7142
8.93182 0.000472069 7142 6961
8.9323 0.000472069 6961 6030
8.93277 0.000472069 6030 5896
8.9906 0.057827 5896 6030
9.05635 0.0657558 6030 5360
9.1179 0.0615454 5360 5494
9.11839 0.000491142 5494 5360
9.11933 0.000944138 5360 4824
9.17948 0.0601482 4824 4288
9.1809 0.00141621 4288 5494
9.18328 0.00237942 5494 5360
9.23642 0.0531454 5360 4958
9.24199 0.0055685 4958 4824
9.24482 0.00283146 4824 4958
9.30637 0.0615454 4958 5360
9.42993 0.123564 5360 5896
9.491 0.0610733 5896 6432
9.55255 0.0615454 6432 6968
9.67422 0.121675 6968 7504
9.73815 0.0639248 7504 6968
9.73862 0.000472069 6968 6600
9.73909 0.000472069 6600 6416
9.74004 0.000944138 6416 5628
9.74145 0.00141621 5628 5360
9.79834 0.0568829 5360 4824
9.79928 0.000944138 4824 4288
9.79973 0.000452995 4288 5628
9.80304 0.00330353 5628 5360
9.8599 0.0568638 5360 5628
9.86507 0.00517273 5628 4824
9.92384 0.0587711 4824 4288
9.92664 0.00279427 4288 4824
9.98773 0.0610924 4824 5092
10.1071 0.119334 5092 5360
10.1738 0.0667381 5360 4824
10.2965 0.122658 4824 4288
10.4778 0.181352 4288 4824
10.4844 0.00658894 4824 5360
10.5459 0.0615454 5360 5896
10.6066 0.0606213 5896 5360
10.607 0.000472069 5360 4969
10.6075 0.000472069 4969 4422
10.6085 0.000962257 4422 4288
10.6094 0.000944138 4288 3752
10.6681 0.0587139 3752 4422
10.67 0.00190735 4422 4288
10.671 0.000925064 4288 4422
10.7325 0.0615644 4422 4824
10.7936 0.0610733 4824 5360
10.8551 0.0615463 5360 5896
10.9139 0.0587511 5896 5360
10.9148 0.000905991 5360 4969
10.9153 0.000472069 4969 4422
10.9167 0.00143528 4422 4288
10.9754 0.058733 4288 4422
11.037 0.0615644 4422 4824
11.0426 0.00562572 4824 5360
11.1042 0.0615454 5360 5896
11.1653 0.0610733 5896 6432
11.2268 0.0615463 6432 6968
11.3494 0.122619 6968 7504
11.4768 0.127358 7504 6968
11.4773 0.000472069 6968 6600
11.4777 0.000472069 6600 6416
11.5313 0.0535603 6416 5628
11.5345 0.00326538 5628 5360
11.5383 0.0037756 5360 5628
11.6003 0.0620184 5628 5896
11.6614 0.0610733 5896 6432
11.7201 0.058733 6432 5896
11.7206 0.000472069 5896 5628
11.7216 0.000963211 5628 5360
11.7225 0.000944138 5360 4824
11.7817 0.059185 4824 5628
11.7831 0.00143528 5628 5360
12.0915 0.308315 5360 4824
12.153 0.0615644 4824 5360
12.3406 0.187546 5360 4824
12.4021 0.0615654 4824 5360
12.7817 0.379574 5360 536
13.1048 0.323092 536 1072
13.29 0.185166 1072 536
13.3515 0.0615454 536 1072
13.3515 0 1072 1340
13.4135 0.0620174 1340 1554
13.4756 0.0620174 1554 1738
13.5376 0.0620184 1738 1903
13.5991 0.0615454 1903 2053
13.6607 0.0615454 2053 2192
13.7222 0.0615454 2192 2323
13.7232 0.000944138 2323 2446
13.7842 0.0610733 2446 2563
13.7852 0.000944138 2563 2675
13.8462 0.0610743 2675 2782
13.8472 0.000943184 2782 2885
13.9092 0.0620184 2885 2984
13.9707 0.0615454 2984 3080
14.0323 0.0615454 3080 3173
14.0938 0.0615454 3173 3263
14.1554 0.0615463 3263 3351
14.217 0.0615835 3351 2680
14.2174 0.000472069 2680 1608
14.2179 0.000491142 1608 1072
14.4012 0.18324 1072 1340
14.4632 0.0620174 1340 1554
14.7247 0.261546 1554 1738
14.8479 0.12313 1738 1072
14.971 0.123091 1072 1340
15.033 0.0620174 1340 1554
15.095 0.0620174 1554 1738
15.157 0.0620174 1738 1903
15.2186 0.0615463 1903 2053
15.2801 0.0615454 2053 2192
15.3416 0.0615454 2192 2323
15.4037 0.0620375 2323 1608
15.4042 0.000491142 1608 1072
15.6499 0.245768 1072 536
15.7115 0.0615454 536 1072
15.7115 0 1072 1340
15.7735 0.0620174 1340 1554
15.8355 0.0620184 1554 1738
15.8975 0.0620174 1738 1903
15.9591 0.0615454 1903 2053
16.0206 0.0615454 2053 2192
16.0822 0.0615463 2192 2323
16.0831 0.000944138 2323 2446
16.1442 0.0610733 2446 2563
16.1451 0.000944138 2563 2675
16.2062 0.0610733 2675 2782
16.2072 0.000944138 2782 2885
16.2692 0.0620174 2885 2984
16.3307 0.0615463 2984 3080
16.3923 0.0615444 3080 3173
16.4538 0.0615463 3173 3263
16.5154 0.0615635 3263 2680
16.5158 0.000473022 2680 2144
16.5163 0.000471115 2144 1608
16.576 0.0596771 1608 1072
16.6385 0.0624905 1072 1340
16.7005 0.0620174 1340 1554
16.7625 0.0620174 1554 1738
16.8245 0.0620174 1738 1903
16.8861 0.0615463 1903 2053
16.9476 0.0615444 2053 2192
17.0092 0.0615463 2192 2323
17.0101 0.000944138 2323 2446
17.0712 0.0610733 2446 2563
17.0721 0.000944138 2563 2675
17.1332 0.0610733 2675 2782
17.1342 0.000944138 2782 2885
17.1962 0.0620174 2885 2984
17.2577 0.0615463 2984 3080
17.3193 0.0615444 3080 3173
17.3808 0.0615463 3173 3263
17.4424 0.0615463 3263 3351
17.5034 0.0610733 3351 3436
17.5659 0.0625076 3436 2680
17.5664 0.000473022 2680 2144
17.627 0.0606403 2144 1608
17.6275 0.000471115 1608 1072
17.6895 0.0620174 1072 536
17.7511 0.0615463 536 1072
17.7511 0 1072 1340
17.8131 0.0620174 1340 1554
18.8131 1 1554 536
19.1362 0.323092 536 1072
20.1362 1 1072 536
20.4593 0.323092 536 1072
20.5213 0.0620174 1072 1340
20.5833 0.0620174 1340 1554
20.6453 0.0620174 1554 1738
20.7074 0.0620174 1738 1903
20.7689 0.0615444 1903 2053
20.8304 0.0615463 2053 2192
20.892 0.0615463 2192 2323
20.8929 0.000944138 2323 2446
20.954 0.0610733 2446 2563
20.955 0.000944138 2563 2675
21.016 0.0610733 2675 2782
21.017 0.000944138 2782 2885
21.079 0.0620174 2885 2984
21.1405 0.0615444 2984 3080
21.2021 0.0615463 3080 3173
21.2636 0.0615463 3173 3263
21.3266 0.0629807 3263 2680
21.3271 0.000471115 2680 2144
21.3872 0.0601501 2144 1608
21.3877 0.000471115 1608 1072
21.6497 0.262018 1072 1340
21.8344 0.184694 1340 536
21.896 0.0615444 536 1072
21.896 0 1072 1340
21.958 0.0620174 1340 1554
22.02 0.0620193 1554 1738
22.082 0.0620174 1738 1903
22.1436 0.0615444 1903 2053
22.2051 0.0615463 2053 2192
22.2666 0.0615463 2192 2323
22.2676 0.00094223 2323 2446
22.3287 0.0610752 2446 2563
22.3296 0.000944138 2563 2675
22.3907 0.0610733 2675 2782
22.3916 0.000944138 2782 2885
22.4536 0.0620174 2885 2984
22.5152 0.0615444 2984 3080
22.6374 0.122168 3080 2144
22.6378 0.000471115 2144 1608
22.6383 0.000492096 1608 1072
22.7604 0.122128 1072 1340
22.8225 0.0620174 1340 1554
22.8845 0.0620174 1554 1738
22.9465 0.0620174 1738 1903
23.008 0.0615463 1903 2053
23.0696 0.0615444 2053 2192
23.1311 0.0615463 2192 2323
23.1321 0.000944138 2323 2446
23.1932 0.0610733 2446 2563
23.1941 0.000944138 2563 2675
23.2552 0.0610733 2675 2782
23.2561 0.000944138 2782 2885
23.3181 0.0620174 2885 2984
23.3797 0.0615463 2984 3080
23.4412 0.0615444 3080 3173
23.5028 0.0615463 3173 3263
23.5643 0.0615463 3263 3351
23.6254 0.0610733 3351 3436
23.6273 0.00188828 3436 3519
23.6893 0.0620174 3519 3600
23.7494 0.0601292 3600 3679
23.7523 0.00283241 3679 3757
23.8133 0.0610733 3757 3833
23.8749 0.0615463 3833 4288
24.0003 0.12545 4288 4824
24.0614 0.0610733 4824 5360
24.1229 0.0615463 5360 5896
24.2484 0.12549 5896 5360
24.2489 0.000471115 5360 4969
24.2494 0.000473022 4969 4288
24.31 0.0606194 4288 4422
24.3716 0.0615654 4422 3752
24.8021 0.4305 3752 3216
24.8636 0.0615654 3216 3752
25.0484 0.184732 3752 3216
25.1099 0.0615654 3216 3752
25.2942 0.184261 3752 3216
25.3558 0.0615635 3216 3752
25.3668 0.0110531 3752 536
27.6899 2.32309 536 1072
27.7519 0.0620174 1072 1340
27.8139 0.0620174 1340 1554
27.876 0.0620174 1554 1738
27.938 0.0620174 1738 1903
27.9995 0.0615463 1903 2053
28.0611 0.0615463 2053 2192
28.1226 0.0615444 2192 2323
28.1235 0.000944138 2323 2446
28.1846 0.0610733 2446 2563
28.3082 0.123602 2563 1072
28.4313 0.123091 1072 1340
28.6165 0.185167 1340 536
28.678 0.0615463 536 1072
28.678 0 1072 1340
28.74 0.0620174 1340 1554
28.8021 0.0620174 1554 1738
29.0646 0.262489 1738 1903
29.1266 0.0620174 1903 2053
29.1881 0.0615463 2053 2192
29.2497 0.0615444 2192 2323
29.2506 0.000944138 2323 2446
29.3117 0.0610733 2446 2563
29.3126 0.000944138 2563 2675
29.3737 0.0610733 2675 2782
29.3746 0.000944138 2782 2885
29.4367 0.0620174 2885 2984
29.4982 0.0615463 2984 3080
29.5597 0.0615463 3080 3173
29.6213 0.0615444 3173 3263
29.6828 0.0615463 3263 3351
29.7453 0.0625076 3351 2680
29.7458 0.000473022 2680 2144
29.806 0.0601482 2144 1608
29.8064 0.000473022 1608 1072
29.8689 0.0624886 1072 1340
29.9309 0.0620174 1340 1554
29.993 0.0620174 1554 1738
30.055 0.0620174 1738 1903
30.1165 0.0615463 1903 2053
30.1781 0.0615463 2053 2192
30.2396 0.0615444 2192 2323
30.2406 0.000944138 2323 2446
30.3016 0.0610733 2446 2563
30.3637 0.0620384 2563 1608
30.4248 0.0611115 1608 1072
30.5484 0.123583 1072 536
30.6099 0.0615444 536 1072
30.6099 0 1072 1340
30.6719 0.0620174 1340 1554
30.734 0.0620174 1554 1738
30.796 0.0620174 1738 1903
30.8575 0.0615463 1903 2053
30.9816 0.124073 2053 1072
31.1047 0.123112 1072 1340
31.1667 0.0620174 1340 1554
31.2287 0.0620174 1554 1738
31.2908 0.0620174 1738 1903
31.3523 0.0615463 1903 2053
31.4138 0.0615444 2053 2192
31.4754 0.0615463 2192 2323
31.4763 0.000944138 2323 2446
31.5374 0.0610733 2446 2563
31.5383 0.000944138 2563 2675
31.5994 0.0610733 2675 2782
31.6004 0.000944138 2782 2885
31.6624 0.0620174 2885 2984
31.7239 0.0615463 2984 3080
31.7855 0.0615444 3080 3173
31.847 0.0615463 3173 3263
31.9086 0.0615444 3263 3351
31.9696 0.0610752 3351 3436
31.9715 0.00188637 3436 3519
32.0326 0.0610733 3519 3600
32.0951 0.0625114 3600 2680
32.0956 0.000469208 2680 2144
32.1557 0.0601501 2144 1608
32.1562 0.000473022 1608 1072
32.2187 0.0624886 1072 1340
32.2807 0.0620193 1340 1554
32.3427 0.0620155 1554 1738
32.4047 0.0620193 1738 1903
32.4663 0.0615425 1903 2053
32.5278 0.0615463 2053 2192
32.5894 0.0615463 2192 2323
32.5903 0.000946045 2323 2446
32.7135 0.123127 2446 1608
32.7139 0.000473022 1608 1072
32.9597 0.24577 1072 536
33.0212 0.0615425 536 1072
33.0212 0 1072 1340
33.2064 0.185169 1340 536
34.3443 1.13792 536 1072
34.4064 0.0620155 1072 1340
34.4684 0.0620193 1340 1554
34.5304 0.0620155 1554 1738
34.5924 0.0620193 1738 1903
34.6539 0.0615463 1903 2053
34.7155 0.0615463 2053 2192
34.777 0.0615425 2192 2323
34.778 0.000946045 2323 2446
34.8391 0.0610733 2446 2563
34.84 0.00094223 2563 2675
34.902 0.0620193 2675 2782
34.964 0.0620155 2782 2885
35.027 0.0630035 2885 2144
35.0872 0.0601463 2144 1072
35.1497 0.0625076 1072 1340
35.2117 0.0620193 1340 1554
35.2737 0.0620193 1554 1738
35.3357 0.0620155 1738 1903
35.3973 0.0615463 1903 2053
35.4588 0.0615463 2053 2192
35.5204 0.0615463 2192 2323
35.5213 0.00094223 2323 2446
35.5824 0.0610733 2446 2563
35.5833 0.000946045 2563 2675
35.6444 0.0610733 2675 2782
35.6454 0.00094223 2782 2885
35.7074 0.0620193 2885 2984
35.7689 0.0615425 2984 3080
35.8305 0.0615463 3080 3173
35.892 0.0615463 3173 3263
35.955 0.0629807 3263 2680
35.9555 0.000473022 2680 2144
36.0156 0.0601463 2144 1608
36.0161 0.000473022 1608 1072
36.0786 0.0624886 1072 1340
36.1406 0.0620193 1340 1554
36.2026 0.0620193 1554 1738
36.2646 0.0620155 1738 1903
36.3262 0.0615463 1903 2053
36.3877 0.0615463 2053 2192
36.4493 0.0615463 2192 2323
36.4502 0.00094223 2323 2446
36.5113 0.0610733 2446 2563
36.5122 0.000946045 2563 2675
36.5733 0.0610733 2675 2782
36.5742 0.00094223 2782 2885
36.6363 0.0620193 2885 2984
36.6978 0.0615425 2984 3080
36.7594 0.0615463 3080 3173
36.8209 0.0615463 3173 3263
36.8824 0.0615463 3263 3351
36.9435 0.0610733 3351 3436
37.0051 0.0615654 3436 2680
37.0065 0.0014534 2680 2144
37.007 0.000473022 2144 1608
37.0075 0.000473022 1608 1072
37.1306 0.123089 1072 1340
37.1926 0.0620193 1340 1554
37.2546 0.0620155 1554 1738
37.3166 0.0620193 1738 1903
37.3782 0.0615463 1903 2053
37.4397 0.0615425 2053 2192
37.5013 0.0615463 2192 2323
37.5022 0.000946045 2323 2446
37.5633 0.0610733 2446 2563
37.5642 0.00094223 2563 2675
37.6253 0.0610733 2675 2782
37.6262 0.000946045 2782 2885
37.6883 0.0620155 2885 2984
37.8109 0.122677 2984 2144
37.8114 0.000473022 2144 1608
37.8119 0.000473022 1608 1072
37.935 0.123089 1072 1340
37.997 0.0620193 1340 1554
38.059 0.0620155 1554 1738
38.121 0.0620193 1738 1903
38.383 0.262016 1903 2053
38.4451 0.0620193 2053 2192
38.5066 0.0615463 2192 2323
38.5076 0.00094223 2323 2446
38.5686 0.0610733 2446 2563
38.5696 0.000946045 2563 2675
38.6306 0.0610733 2675 2782
38.6316 0.00094223 2782 2885
38.6936 0.0620193 2885 2984
38.8158 0.122147 2984 3080
38.8773 0.0615463 3080 3173
38.9388 0.0615463 3173 3263
39.0004 0.0615425 3263 3351
39.0023 0.00188828 3351 3436
39.0634 0.0610733 3436 3519
39.1244 0.0610733 3519 3600
39.1263 0.00188828 3600 3679
39.1874 0.0610733 3679 3757
39.2485 0.0610771 3757 3833
39.31 0.0615425 3833 4288
39.4345 0.124508 4288 4355
39.4364 0.00188828 4355 4420
39.4984 0.0620193 4420 4824
39.5595 0.0610733 4824 5360
39.5614 0.00190735 5360 4824
39.5619 0.000469208 4824 4422
39.6201 0.0582428 4422 4020
39.6206 0.000473022 4020 3752
39.6234 0.00283051 3752 4020
39.6822 0.0587349 4020 3216
39.7437 0.0615425 3216 4020
39.8052 0.0615463 4020 4091
39.8668 0.0615463 4091 4161
40.1745 0.307728 4161 4230
40.3596 0.185127 4230 3216
40.4212 0.0615463 3216 3694
40.4246 0.00336075 3694 2680
40.4861 0.0615463 2680 3158
40.6059 0.119789 3158 2144
40.6674 0.0615425 2144 2622
40.729 0.0615463 2622 2731
40.791 0.0620384 2731 2144
40.8526 0.0615463 2144 2195
40.9141 0.0615616 2195 2325
40.9175 0.00336456 2325 2448
40.9761 0.0586548 2448 2565
40.9795 0.00336075 2565 2677
41.0382 0.0586586 2677 2784
41.0415 0.00336075 2784 2887
41.1031 0.0615463 2887 2986
41.1646 0.0615425 2986 3082
41.2262 0.0615654 3082 2144
41.2877 0.0615463 2144 2195
41.2882 0.000492096 2195 2144
41.3498 0.0615845 2144 1608
41.4109 0.0610924 1608 1072
41.4114 0.000473022 1072 2195
41.4724 0.0610733 2195 2325
41.534 0.0615425 2325 2448
41.5354 0.00141907 2448 2565
41.596 0.0606003 2565 2677
41.5974 0.00141525 2677 2784
41.6594 0.0620384 2784 2144
41.721 0.0615463 2144 2195
41.7826 0.0615616 2195 2325
41.8432 0.0606041 2325 2448
41.8446 0.00141525 2448 2565
41.9052 0.0606003 2565 2677
41.9066 0.00141525 2677 2784
41.9672 0.0606041 2784 2887
42.0287 0.0615463 2887 2986
42.0903 0.0615425 2986 3082
42.1518 0.0615463 3082 3175
42.2153 0.0634727 3175 2680
42.2158 0.000473022 2680 2195
42.337 0.121181 2195 2325
42.3384 0.00141907 2325 2448
42.399 0.0606003 2448 2565
42.4004 0.00141525 2565 2677
42.461 0.0606041 2677 2784
42.4624 0.00141525 2784 2887
42.524 0.0615463 2887 2986
42.586 0.0620346 2986 1608
42.6476 0.0615654 1608 2144
42.7082 0.0606003 2144 2195
42.7697 0.0615463 2195 2325
42.7711 0.00141525 2325 2448
42.8317 0.0606041 2448 2565
42.8331 0.00141525 2565 2677
42.8937 0.0606003 2677 2784
42.8952 0.00141525 2784 2887
42.9567 0.0615463 2887 2986
43.0182 0.0615463 2986 3082
43.0798 0.0615463 3082 3175
43.1413 0.0615463 3175 3265
43.2029 0.0615425 3265 3352
43.2048 0.00188828 3352 3437
43.2658 0.0610733 3437 3520
43.3279 0.0620384 3520 2680
43.3284 0.000473022 2680 2195
43.3288 0.000469208 2195 2144
43.3894 0.0606041 2144 2195
43.451 0.0615654 2195 2325
43.513 0.0620346 2325 1608
43.5746 0.0615463 1608 1789
43.6357 0.0610924 1789 1949
43.6972 0.0615463 1949 2096
43.7588 0.0615463 2096 2233
43.8203 0.0615463 2233 2361
43.8213 0.00094223 2361 2482
43.8833 0.0620193 2482 2597
43.9453 0.0620155 2597 2707
43.9462 0.000946045 2707 2813
44.0082 0.0620155 2813 2915
44.0698 0.0615654 2915 2144
44.0703 0.000473022 2144 1789
44.1304 0.0601463 1789 1608
44.1314 0.000926971 1608 1789
44.1925 0.0610924 1789 1949
44.254 0.0615463 1949 2096
44.3155 0.0615463 2096 2233
44.3771 0.0615425 2233 2361
44.378 0.000946045 2361 2482
44.4391 0.0610733 2482 2597
44.44 0.00094223 2597 2707
44.5021 0.0620384 2707 2144
44.5026 0.000473022 2144 1789
44.5632 0.0606194 1789 1608
44.5636 0.000453949 1608 1789
44.6252 0.0615654 1789 1949
44.7493 0.124073 1949 1072
44.8108 0.0615463 1072 1413
44.8724 0.0615616 1413 1616
44.9344 0.0620193 1616 1793
44.9959 0.0615463 1793 1953
45.258 0.262016 1953 2100
45.5205 0.262489 2100 2236
45.5825 0.0620193 2236 2364
45.5834 0.00094223 2364 2485
45.6445 0.0610733 2485 2600
45.6454 0.000946045 2600 2710
45.7065 0.0610733 2710 2816
45.768 0.0615463 2816 2918
45.8296 0.0615425 2918 3016
45.8911 0.0615463 3016 3111
45.9527 0.0615463 3111 3203
46.0147 0.0620384 3203 2144
46.0157 0.000961304 2144 1608
46.0162 0.000473022 1608 1413
46.0758 0.0596581 1413 1072
46.0763 0.000450134 1072 1413
46.1378 0.0615654 1413 1616
46.1999 0.0620193 1616 1793
46.2614 0.0615463 1793 1953
46.3229 0.0615425 1953 2100
46.4461 0.123131 2100 1072
46.5076 0.0615463 1072 1413
46.5692 0.0615463 1413 1616
46.6928 0.1236 1616 1072
46.7543 0.0615463 1072 1080
46.8159 0.0615463 1080 1346
46.8779 0.0620155 1346 1559
46.9399 0.0620193 1559 1743
47.0019 0.0620155 1743 1907
47.0635 0.0615463 1907 2057
47.125 0.0615463 2057 2196
47.1865 0.0615463 2196 2326
47.1875 0.00094223 2326 2449
47.2486 0.0610733 2449 2566
47.2495 0.000946045 2566 2677
47.3106 0.0610733 2677 2784
47.3115 0.00094223 2784 2887
47.3735 0.0620193 2887 2986
47.4962 0.122639 2986 2144
47.4971 0.000961304 2144 1608
47.4976 0.000473022 1608 1080
47.5573 0.0596581 1080 1072
47.5577 0.000453949 1072 1080
47.6193 0.0615616 1080 1346
47.6813 0.0620193 1346 1559
47.7433 0.0620193 1559 1743
47.8053 0.0620155 1743 1907
47.9294 0.124073 1907 1072
47.991 0.0615463 1072 1080
48.0525 0.0615654 1080 1346
48.1145 0.0620155 1346 1559
48.1766 0.0620193 1559 1743
48.2386 0.0620193 1743 1907
48.3001 0.0615425 1907 2057
48.3617 0.0615463 2057 2196
48.4232 0.0615463 2196 2326
48.4242 0.00094223 2326 2449
48.4852 0.0610733 2449 2566
48.5473 0.0620384 2566 1608
48.5478 0.000492096 1608 1080
48.6084 0.0606003 1080 1072
48.6088 0.000453949 1072 1080
48.6704 0.0615654 1080 1346
48.9319 0.261543 1346 1559
49.9319 1 1559 536
49.9935 0.0615463 536 1072
49.9935 0 1072 1340
50.0555 0.0620193 1340 1554
50.1175 0.0620155 1554 1738
50.1795 0.0620193 1738 1903
50.2411 0.0615463 1903 2053
50.3026 0.0615425 2053 2192
50.3642 0.0615463 2192 2323
50.3651 0.000946045 2323 2446
50.4262 0.0610733 2446 2563
50.4271 0.00094223 2563 2675
50.4882 0.0610733 2675 2782
50.4891 0.000946045 2782 2885
50.5512 0.0620155 2885 2984
50.6127 0.0615463 2984 3080
50.6743 0.0615463 3080 3173
50.7358 0.0615463 3173 3263
50.7973 0.0615463 3263 3351
50.8584 0.0610733 3351 3436
50.8603 0.00188828 3436 3519
50.9214 0.0610733 3519 3600
50.9834 0.0620155 3600 3679
51.0454 0.0620193 3679 3757
51.0464 0.00094223 3757 3833
51.1093 0.0629616 3833 4288
51.2319 0.12262 4288 4824
51.293 0.0610733 4824 5360
51.3546 0.0615463 5360 5413
51.3565 0.00190735 5413 4824
51.4161 0.0596581 4824 4422
51.4166 0.000473022 4422 4020
51.4171 0.000469208 4020 3752
51.4199 0.00281525 3752 4020
51.481 0.0610924 4020 4288
51.6036 0.12262 4288 4355
51.6647 0.0610733 4355 4824
51.6684 0.00377655 4824 5360
51.73 0.0615425 5360 5896
51.7896 0.0596581 5896 6432
51.8512 0.0615463 6432 6968
51.9118 0.0606194 6968 6432
51.9123 0.000473022 6432 6057
51.9128 0.000473022 6057 5870
51.9132 0.000473022 5870 5226
51.9137 0.000469208 5226 4824
51.9175 0.0038147 4824 4288
51.9734 0.0558624 4288 5226
51.9753 0.00188828 5226 4824
51.9791 0.00379562 4824 5226
52.3431 0.364082 5226 4288
52.4047 0.0615463 4288 4690
52.4724 0.0677376 4690 4824
52.533 0.0605621 4824 5360
52.5945 0.0615463 5360 5896
52.7162 0.121658 5896 6432
52.899 0.182766 6432 6968
52.9051 0.00613785 6968 7504
52.9666 0.0615425 7504 8040
53.0277 0.0610771 8040 8576
53.0893 0.0615425 8576 9112
53.3373 0.248074 9112 8576
53.3378 0.000469208 8576 8224
53.3383 0.000473022 8224 8048
53.3387 0.000473022 8048 7871
53.3392 0.000469208 7871 7695
53.3397 0.000473022 7695 7519
53.3928 0.0530701 7519 7342
53.3932 0.000473022 7342 6834
53.3937 0.000469208 6834 6432
53.3989 0.00517273 6432 6834
53.4567 0.0578079 6834 5896
53.5187 0.0620193 5896 6298
54.2559 0.737167 6298 5360
54.3174 0.0615463 5360 5762
54.3832 0.0657959 5762 4824
54.4448 0.0615425 4824 5226
54.5021 0.0573387 5226 5360
54.6327 0.130604 5360 5896
54.6938 0.0610733 5896 6432
54.7553 0.0615463 6432 6968
54.8737 0.118408 6968 7504
55.0589 0.185127 7504 6968
55.0593 0.000473022 6968 6600
55.0598 0.000473022 6600 6416
55.0603 0.000473022 6416 5628
55.0645 0.00420761 5628 5360
55.0669 0.00238037 5360 4824
55.1209 0.0540314 4824 5628
55.126 0.00515366 5628 5360
55.1284 0.0023613 5360 5628
55.251 0.122639 5628 5896
55.3116 0.0605812 5896 6432
55.3732 0.0615463 6432 6968
55.4347 0.0615654 6968 6432
55.4352 0.000469208 6432 6111
55.4357 0.000473022 6111 5628
55.4361 0.000473022 5628 5360
55.4982 0.0620155 5360 5628
55.5597 0.0615463 5628 5896
55.6222 0.0625076 5896 5360
55.7467 0.124527 5360 5896
55.8064 0.0596771 5896 5360
55.8112 0.00474167 5360 4824
55.868 0.0568237 4824 5360
55.9343 0.0662842 5360 5896
55.9953 0.0610733 5896 6432
56.0555 0.0601311 6432 5896
56.0559 0.000473022 5896 5360
56.1194 0.0634689 5360 4824
56.1805 0.0611153 4824 4288
56.1815 0.000923157 4288 5360
56.2402 0.058712 5360 4824
56.3055 0.0653419 4824 4288
56.4291 0.123585 4288 4824
56.4902 0.0610733 4824 5360
56.5517 0.0615425 5360 5896
56.6705 0.118805 5896 6432
56.8021 0.131626 6432 6968
56.8632 0.0610733 6968 7504
56.9186 0.0553932 7504 6968
56.9191 0.000469208 6968 6600
56.9196 0.000473022 6600 6416
56.92 0.000473022 6416 5628
56.9238 0.0038147 5628 5360
56.9802 0.0563126 5360 5628
57.0417 0.0615463 5628 5896
57.1132 0.0714951 5896 6432
57.1733 0.0601501 6432 5896
57.1738 0.000473022 5896 5628
57.1743 0.000473022 5628 5360
57.2354 0.0610733 5360 5628
57.2363 0.000961304 5628 5360
57.2368 0.000473022 5360 4824
57.2988 0.0620155 4824 5628
57.4811 0.182297 5628 5896
57.484 0.00285339 5896 5360
57.6071 0.123108 5360 5896
57.6677 0.060585 5896 6432
57.7211 0.0534821 6432 5896
57.7216 0.000473022 5896 5360
57.8533 0.131702 5360 4824
57.8552 0.00190735 4824 4288
57.9149 0.0596733 4288 4824
57.9168 0.00188828 4824 5360
58.2843 0.367523 5360 4824
58.3459 0.0615616 4824 5360
58.6691 0.323223 5360 536
58.9922 0.32309 536 1072
59.0542 0.0620193 1072 1608
59.1162 0.0620155 1608 2144
59.1778 0.0615463 2144 2680
59.1787 0.000946045 2680 3216
59.2398 0.0610733 3216 3752
59.2407 0.00094223 3752 4288
59.2417 0.000946045 4288 4824
59.4874 0.245728 4824 4288
59.6101 0.122658 4288 3752
59.7327 0.122639 3752 4288
59.7942 0.0615463 4288 4355
59.9188 0.124527 4355 3752
60.2256 0.30682 3752 3216
60.3534 0.127792 3216 3305
60.4121 0.0587349 3305 3391
60.4727 0.0606003 3391 3475
60.5347 0.0620193 3475 3557
60.5361 0.00141525 3557 3637
60.5977 0.0615463 3637 3715
60.6588 0.0610733 3715 3792
60.6607 0.00188828 3792 3867
60.7227 0.0620155 3867 4288
60.8453 0.12262 4288 4824
60.9064 0.0610733 4824 5360
60.9679 0.0615463 5360 5896
61.0337 0.0657921 5896 6432
61.2165 0.182751 6432 6968
61.2775 0.0610733 6968 7504
61.3391 0.0615463 7504 8040
61.3424 0.0033226 8040 7638
61.3429 0.000473022 7638 7437
61.3433 0.000469208 7437 7236
61.3438 0.000473022 7236 7035
61.3443 0.000473022 7035 6834
61.3448 0.000473022 6834 6030
61.3452 0.000469208 6030 5896
61.4035 0.0582428 5896 6030
61.894 0.490498 6030 5360
61.9555 0.0615425 5360 5494
62.0171 0.0615845 5494 4824
62.0786 0.0615463 4824 4958
62.1397 0.0610924 4958 5360
62.2022 0.0624886 5360 5896
62.2074 0.00515366 5896 6432
62.2689 0.0615463 6432 6968
62.33 0.0610733 6968 7504
62.392 0.0620384 7504 6968
62.3925 0.000473022 6968 6600
62.393 0.000469208 6600 6416
62.3934 0.000473022 6416 5628
62.3939 0.000473022 5628 5360
62.4536 0.0596581 5360 5628
62.5151 0.0615616 5628 5896
62.5748 0.0596962 5896 6432
62.6364 0.0615654 6432 5896
62.6373 0.000946045 5896 5628
62.6387 0.00137711 5628 5360
62.698 0.0592422 5360 5628
62.6989 0.000946045 5628 4824
62.7596 0.0606384 4824 4288
62.7605 0.000923157 4288 5628
62.7656 0.00513458 5628 5092
62.8197 0.0540924 5092 4824
62.8211 0.00139618 4824 5092
62.8225 0.00139618 5092 4824
62.8817 0.0592422 4824 4288
62.9433 0.0615463 4288 5092
63.0048 0.0615654 5092 5360
63.0687 0.0638657 5360 4824
63.3154 0.246731 4824 4288
63.4996 0.184204 4288 4824
63.5602 0.0605812 4824 5360
63.6218 0.0615463 5360 5896
63.6876 0.065815 5896 5360
63.6881 0.000469208 5360 4969
63.7463 0.0582428 4969 4422
63.7468 0.000473022 4422 4288
63.7501 0.00328445 4288 4422
63.8121 0.0620384 4422 4824
63.8741 0.0620346 4824 4288
64.0564 0.182293 4288 3752
64.1199 0.0634766 3752 3216
64.1814 0.0615463 3216 3752
64.2435 0.0620575 3752 3216
64.3671 0.123581 3216 3752
64.4282 0.0610733 3752 3828
64.4897 0.0615463 3828 4288
64.6152 0.12545 4288 4824
64.6762 0.0610733 4824 5360
64.7378 0.0615463 5360 5896
64.8604 0.12262 5896 6432
64.8632 0.00284576 6432 5896
64.8637 0.000473022 5896 5514
64.9205 0.0567932 5514 4824
64.9863 0.0658264 4824 5360
65.109 0.12262 5360 5896
65.17 0.0610733 5896 6432
65.2316 0.0615463 6432 6968
65.2349 0.00332642 6968 6432
65.2354 0.000473022 6432 6057
65.2922 0.0568237 6057 5870
65.2927 0.000473022 5870 5226
65.2931 0.000473022 5226 4824
65.2969 0.00376892 4824 5226
65.358 0.0610962 5226 5360
65.4806 0.12262 5360 5896
65.5427 0.0620346 5896 5360
65.5431 0.000473022 5360 5226
65.5441 0.000961304 5226 4824
65.545 0.000946045 4824 4288
65.6038 0.058754 4288 3752
65.6042 0.000450134 3752 4824
65.6066 0.00236511 4824 5226
65.6644 0.0577698 5226 4824
65.6653 0.000961304 4824 5226
65.7264 0.0610733 5226 5360
65.788 0.0615463 5360 5896
65.7903 0.00238037 5896 5360
65.7908 0.000465393 5360 5226
65.7913 0.000473022 5226 4824
65.8524 0.0610733 4824 5226
65.9139 0.0615692 5226 5360
65.9755 0.0615463 5360 5896
66.0981 0.12262 5896 6432
66.1587 0.0606003 6432 5896
66.1597 0.000961304 5896 5571
66.1601 0.000473022 5571 5226
66.1606 0.000473022 5226 4824
66.2198 0.0592041 4824 4288
66.2203 0.000450134 4288 5226
66.2222 0.00190735 5226 4824
66.2813 0.0591888 4824 5226
66.2866 0.00522614 5226 5360
66.3481 0.0615463 5360 5896
66.4101 0.0620193 5896 6432
66.4722 0.0620346 6432 5896
66.4726 0.000473022 5896 5571
66.4731 0.000473022 5571 5226
66.4736 0.000473022 5226 4824
66.5949 0.121262 4824 4288
66.6564 0.0615616 4288 4824
66.8435 0.187073 4824 3752
66.9051 0.0615845 3752 4288
66.9055 0.000457764 4288 4824
66.9672 0.0616226 4824 4288
67.0259 0.0587463 4288 3752
67.0287 0.00283051 3752 4288
67.0875 0.0587387 4288 4824
67.1519 0.0644531 4824 4288
67.2135 0.0615616 4288 4824
67.4674 0.253914 4824 536
67.529 0.0615616 536 1072
67.6521 0.123093 1072 1608
67.7141 0.0620193 1608 2144
67.7766 0.0624924 2144 2680
67.8386 0.0620117 2680 3216
67.9006 0.0620422 3216 2680
68.0233 0.122635 2680 2787
68.0848 0.0615463 2787 2890
68.1463 0.0615463 2890 2989
68.2079 0.0615463 2989 3085
68.2694 0.0615463 3085 3178
68.331 0.0615463 3178 3268
68.3925 0.0615463 3268 3355
68.455 0.0625076 3355 2680
68.6388 0.183731 2680 2144
68.7619 0.123093 2144 2278
68.7633 0.00143433 2278 2404
68.8239 0.0605774 2404 2523
68.8253 0.00144196 2523 2636
68.8859 0.0605774 2636 2744
68.8873 0.00143433 2744 2848
68.9489 0.0615463 2848 2948
69.0104 0.0615463 2948 3045
69.072 0.0615463 3045 3139
69.1335 0.0615463 3139 3230
69.1951 0.0615463 3230 3318
69.2576 0.0625076 3318 2680
69.258 0.000473022 2680 2144
69.3812 0.123108 2144 2278
69.4422 0.0610733 2278 2404
69.4432 0.000946045 2404 2523
69.5042 0.0610733 2523 2636
69.5663 0.0620346 2636 1608
69.6278 0.0615463 1608 2100
69.6889 0.0610962 2100 2236
69.7505 0.0615463 2236 2364
69.7514 0.000938416 2364 2485
69.8125 0.0610733 2485 2600
69.8134 0.000946045 2600 2710
69.8745 0.0610733 2710 2816
69.936 0.0615463 2816 2918
69.9976 0.0615463 2918 3016
70.0591 0.0615463 3016 3111
70.1207 0.0615463 3111 3203
70.1822 0.0615463 3203 3292
70.2438 0.0615463 3292 3379
70.2457 0.00188446 3379 3464
70.3067 0.0610733 3464 3546
70.3678 0.0610733 3546 3627
70.3697 0.00189209 3627 3706
70.4308 0.0610733 3706 3783
70.4918 0.0610733 3783 3858
70.5534 0.0615463 3858 3932
71.7247 1.17127 3932 2949
71.7251 0.000473022 2949 2680
71.7862 0.0610733 2680 2949
71.8473 0.0611115 2949 2144
71.9089 0.0615463 2144 2413
71.9709 0.0620346 2413 2532
72.032 0.0610733 2532 2645
72.0329 0.000946045 2645 2753
72.094 0.0610733 2753 2857
72.1555 0.0615463 2857 2957
72.2792 0.123619 2957 2144
72.2796 0.000473022 2144 1608
72.3407 0.0610886 1608 2144
72.3412 0.000457764 2144 2413
72.4032 0.0620346 2413 2532
72.4643 0.0610733 2532 2645
72.4652 0.000946045 2645 2753
72.5263 0.0610733 2753 2857
72.5878 0.0615463 2857 2957
72.6504 0.0625076 2957 2144
72.7119 0.0615463 2144 2413
72.7735 0.0615616 2413 2532
72.8975 0.124077 2532 1072
72.9591 0.0615616 1072 1608
73.0202 0.0610733 1608 1996
73.0211 0.000946045 1996 2139
73.0827 0.0615463 2139 2273
73.1442 0.0615463 2273 2399
73.1452 0.000938416 2399 2518
73.2062 0.0610733 2518 2632
73.2072 0.000946045 2632 2741
73.2683 0.0610733 2741 2845
73.3298 0.0615463 2845 2945
73.3914 0.0615692 2945 2144
73.3918 0.000465393 2144 1996
73.3923 0.000495911 1996 1608
73.4529 0.0605774 1608 1996
73.4543 0.00144196 1996 2139
73.5159 0.0615387 2139 2273
73.5774 0.0615463 2273 2399
73.5784 0.000946045 2399 2518
73.6395 0.0610733 2518 2632
73.7626 0.123131 2632 1608
73.8241 0.0615463 1608 1996
73.8251 0.000946045 1996 2139
73.8866 0.0615463 2139 2273
73.9482 0.0615387 2273 2399
73.9491 0.000946045 2399 2518
74.0102 0.0610733 2518 2632
74.0111 0.000946045 2632 2741
74.0722 0.0610733 2741 2845
74.1337 0.0615463 2845 2945
74.1953 0.0615463 2945 3042
74.2568 0.0615463 3042 3136
74.3184 0.0615463 3136 3227
74.3799 0.0615463 3227 3316
74.3818 0.00188446 3316 3402
74.4429 0.0610733 3402 3486
74.504 0.0610733 3486 3568
74.5058 0.00189209 3568 3648
74.628 0.122162 3648 3216
74.6294 0.00143433 3216 2680
74.6299 0.000473022 2680 2274
74.6304 0.000473022 2274 1996
74.69 0.059639 1996 2139
74.8141 0.124069 2139 1072
74.8757 0.0615463 1072 1603
74.8757 0 1603 1782
74.9377 0.0620193 1782 1943
74.9992 0.0615463 1943 2090
75.0608 0.0615463 2090 2227
75.1223 0.0615463 2227 2356
75.1232 0.000946045 2356 2477
75.1843 0.0610733 2477 2592
75.1853 0.000938416 2592 2702
75.2463 0.0610733 2702 2808
75.3079 0.0615463 2808 2910
75.3694 0.0615463 2910 3008
75.431 0.0615463 3008 3103
75.4925 0.0615463 3103 3195
75.5541 0.0615463 3195 3284
75.6156 0.0615616 3284 2680
75.6161 0.000473022 2680 2144
75.6166 0.000473022 2144 1674
75.617 0.000473022 1674 1603
75.6175 0.000473022 1603 1072
75.6772 0.0596542 1072 1603
75.7387 0.0615463 1603 1782
75.8623 0.123604 1782 1072
75.9239 0.0615463 1072 1246
76.1086 0.184692 1246 536
76.1701 0.0615463 536 1072
76.1701 0 1072 1340
76.2321 0.0620193 1340 1554
76.2941 0.0620117 1554 1738
76.3562 0.0620193 1738 1903
76.4177 0.0615463 1903 2053
76.4793 0.0615463 2053 2192
76.5408 0.0615463 2192 2323
76.5417 0.000946045 2323 2446
76.6038 0.0620346 2446 1608
76.6644 0.0606232 1608 1072
76.9264 0.262016 1072 1340
76.9884 0.0620193 1340 1554
77.0505 0.0620117 1554 1738
77.1125 0.0620193 1738 1903
77.174 0.0615463 1903 2053
77.2356 0.0615463 2053 2192
77.2971 0.0615463 2192 2323
77.2981 0.000946045 2323 2446
77.3591 0.0610733 2446 2563
77.3601 0.000938416 2563 2675
77.4832 0.123131 2675 1608
77.4837 0.000473022 1608 1072
77.6063 0.12262 1072 1340
77.6683 0.0620193 1340 1554
77.7303 0.0620193 1554 1738
77.7923 0.0620117 1738 1903
77.8539 0.0615463 1903 2053
77.9154 0.0615463 2053 2192
77.977 0.0615463 2192 2323
77.9779 0.000946045 2323 2446
78.039 0.0610733 2446 2563
78.0399 0.000946045 2563 2675
78.101 0.0610733 2675 2782
78.102 0.000938416 2782 2885
78.164 0.0620193 2885 2984
78.2255 0.0615463 2984 3080
78.2871 0.0615463 3080 3173
78.3486 0.0615463 3173 3263
78.4102 0.0615463 3263 3351
78.4111 0.000938416 3351 3436
78.4731 0.0620193 3436 3519
78.5342 0.0610733 3519 3600
78.5351 0.000946045 3600 3679
78.5972 0.0620193 3679 3757
78.6601 0.0629807 3757 2680
78.6606 0.000473022 2680 2144
78.7203 0.0596771 2144 1608
78.7208 0.000465393 1608 1072
78.7832 0.0624924 1072 1340
78.8453 0.0620193 1340 1554
78.9073 0.0620193 1554 1738
78.9693 0.0620117 1738 1903
79.0308 0.0615463 1903 2053
79.0924 0.0615463 2053 2192
79.1539 0.0615463 2192 2323
79.1549 0.000946045 2323 2446
79.216 0.0610733 2446 2563
79.2169 0.000946045 2563 2675
79.34 0.123123 2675 1608
79.341 0.000968933 1608 1072
79.5247 0.183731 1072 536
79.5863 0.0615463 536 1072
79.5863 0 1072 1340
79.6483 0.0620117 1340 1554
79.7103 0.0620193 1554 1738
79.7723 0.0620193 1738 1903
79.8339 0.0615463 1903 2053
79.8954 0.0615463 2053 2192
79.957 0.0615463 2192 2323
79.9579 0.000938416 2323 2446
80.019 0.0610733 2446 2563
80.081 0.0620193 2563 2675
80.143 0.0620193 2675 2782
80.144 0.000946045 2782 2885
80.2065 0.0625076 2885 1608
80.2666 0.0601501 1608 1072
80.3296 0.0629425 1072 1340
80.3916 0.0620117 1340 1554
80.4536 0.0620193 1554 1738
80.5156 0.0620193 1738 1903
80.5772 0.0615463 1903 2053
80.6387 0.0615463 2053 2192
80.7002 0.0615463 2192 2323
80.7012 0.000938416 2323 2446
80.7623 0.0610733 2446 2563
80.7632 0.000946045 2563 2675
80.8243 0.0610733 2675 2782
80.8252 0.000946045 2782 2885
80.8872 0.0620193 2885 2984
80.9488 0.0615463 2984 3080
81.0103 0.0615463 3080 3173
81.0719 0.0615387 3173 3263
81.1334 0.0615463 3263 3351
81.1945 0.0610733 3351 3436
81.257 0.0625153 3436 2680
81.2575 0.000465393 2680 2144
81.3176 0.0601501 2144 1608
81.3181 0.000473022 1608 1072
81.3806 0.0624924 1072 1340
81.4426 0.0620193 1340 1554
81.5046 0.0620117 1554 1738
81.5666 0.0620193 1738 1903
81.6282 0.0615463 1903 2053
81.6897 0.0615463 2053 2192
81.7513 0.0615463 2192 2323
81.7522 0.000946045 2323 2446
81.8133 0.0610733 2446 2563
81.8142 0.000938416 2563 2675
81.8753 0.0610733 2675 2782
81.9378 0.0625076 2782 2144
81.9984 0.0606232 2144 1608
81.9989 0.000473022 1608 1072
82.0614 0.0624924 1072 1340
82.1234 0.0620117 1340 1554
82.1854 0.0620193 1554 1738
82.2475 0.0620193 1738 1903
82.309 0.0615463 1903 2053
82.571 0.262016 2053 2192
82.634 0.0629807 2192 1608
82.6946 0.0606232 1608 1072
82.7571 0.0624847 1072 1340
82.8191 0.0620193 1340 1554
83.8191 1 1554 536
83.8807 0.0615463 536 1072
83.8807 0 1072 1340
83.9427 0.0620193 1340 1554
84.0047 0.0620193 1554 1738
84.0667 0.0620117 1738 1903
84.1283 0.0615463 1903 2053
84.1898 0.0615463 2053 2192
84.2514 0.0615463 2192 2323
84.2523 0.000946045 2323 2446
84.3134 0.0610733 2446 2563
84.3143 0.000946045 2563 2675
84.3754 0.0610733 2675 2782
84.3763 0.000938416 2782 2885
84.4384 0.0620193 2885 2984
84.4999 0.0615692 2984 2144
84.5004 0.000465393 2144 1608
84.5605 0.0601501 1608 1072
84.623 0.0624924 1072 1340
84.6851 0.0620193 1340 1554
84.7471 0.0620117 1554 1738
84.8091 0.0620193 1738 1903
84.8706 0.0615463 1903 2053
84.9322 0.0615463 2053 2192
84.9937 0.0615463 2192 2323
84.9947 0.000946045 2323 2446
85.0557 0.0610733 2446 2563
85.0567 0.000938416 2563 2675
85.1178 0.0610733 2675 2782
85.1187 0.000946045 2782 2885
85.1807 0.0620193 2885 2984
85.2423 0.0615463 2984 3080
85.3038 0.0615463 3080 3173
85.3659 0.0620346 3173 2144
85.4265 0.0606232 2144 1608
85.4269 0.000473022 1608 1072
85.4894 0.0624847 1072 1340
86.4894 1 1340 536
86.551 0.0615463 536 1072
86.551 0 1072 1340
86.613 0.0620193 1340 1554
86.675 0.0620193 1554 1738
86.737 0.0620117 1738 1903
86.7986 0.0615463 1903 2053
86.8601 0.0615463 2053 2192
86.9217 0.0615463 2192 2323
86.9226 0.000946045 2323 2446
86.9837 0.0610733 2446 2563
86.9846 0.000946045 2563 2675
87.0457 0.0610733 2675 2782
87.0466 0.000938416 2782 2885
87.1087 0.0620193 2885 2984
87.1702 0.0615463 2984 3080
87.2318 0.0615463 3080 3173
87.2933 0.0615463 3173 3263
87.3548 0.0615463 3263 3351
87.4159 0.0610733 3351 3436
87.4178 0.00188446 3436 3519
87.4794 0.0615692 3519 2680
87.4798 0.000473022 2680 2144
87.54 0.0601425 2144 1608
87.5405 0.000473022 1608 1072
87.603 0.0624924 1072 1340
87.665 0.0620193 1340 1554
87.727 0.0620193 1554 1738
87.789 0.0620117 1738 1903
87.8506 0.0615463 1903 2053
87.9121 0.0615463 2053 2192
87.9736 0.0615463 2192 2323
87.9746 0.000946045 2323 2446
88.0366 0.0620346 2446 1608
88.0972 0.0606232 1608 1072
88.1597 0.0624847 1072 1340
88.2218 0.0620193 1340 1554
88.2838 0.0620193 1554 1738
88.3458 0.0620193 1738 1903
88.4073 0.0615463 1903 2053
88.4689 0.0615387 2053 2192
88.5304 0.0615463 2192 2323
88.5314 0.000946045 2323 2446
88.5924 0.0610733 2446 2563
88.5934 0.000946045 2563 2675
88.6545 0.0610733 2675 2782
88.6554 0.000946045 2782 2885
88.7174 0.0620117 2885 2984
88.779 0.0615463 2984 3080
88.8405 0.0615463 3080 3173
88.9021 0.0615463 3173 3263
88.9636 0.0615463 3263 3351
89.0247 0.0610733 3351 3436
89.0266 0.00189209 3436 3519
89.0876 0.0610733 3519 3600
89.1487 0.0610733 3600 3679
89.1506 0.00188446 3679 3757
89.2107 0.0601273 3757 3833
89.2723 0.0615463 3833 4288
89.3343 0.0620422 4288 3752
89.3348 0.000465393 3752 3216
89.4574 0.122643 3216 3752
89.4617 0.00424957 3752 3828
89.5223 0.0606155 3828 3216
89.6454 0.123093 3216 3752
89.7046 0.0592041 3752 3828
89.7661 0.0615463 3828 4288
89.9527 0.186523 4288 4824
90.0137 0.0610733 4824 5360
90.0753 0.0615463 5360 5896
90.1411 0.0657959 5896 6432
90.3229 0.181808 6432 6968
90.3295 0.00660706 6968 7504
90.391 0.0615463 7504 8040
90.3929 0.00190735 8040 7504
90.4465 0.0535202 7504 7142
90.4469 0.000473022 7142 6961
90.4474 0.000465393 6961 6030
90.4479 0.000473022 6030 5896
90.4549 0.00706482 5896 6030
90.5165 0.0615616 6030 6432
90.6391 0.12262 6432 6968
90.6974 0.0582657 6968 6432
90.6979 0.000465393 6432 6030
90.6993 0.00141907 6030 5896
90.758 0.058754 5896 5360
90.7594 0.00139618 5360 6030
90.7608 0.00141144 6030 5896
90.8196 0.0587387 5896 6030
90.8858 0.066246 6030 6432
91.008 0.122162 6432 6968
91.07 0.0620193 6968 7504
91.1315 0.0615463 7504 8040
91.2523 0.12075 8040 7638
91.2528 0.000473022 7638 7437
91.2532 0.000473022 7437 7236
91.2537 0.000473022 7236 7035
91.2551 0.00141144 7035 6834
91.2556 0.000473022 6834 6030
91.2561 0.000473022 6030 5896
91.3797 0.123619 5896 5360
91.4413 0.0615692 5360 5896
91.9366 0.495384 5896 5360
91.9982 0.0615845 5360 5896
91.9987 0.000473022 5896 5360
92.0603 0.0615616 5360 5896
92.1773 0.117012 5896 5360
92.1955 0.0181732 5360 536
92.257 0.0615692 536 1072
92.3801 0.123085 1072 1608
92.4421 0.0620193 1608 2144
92.5037 0.0615463 2144 2680
92.5046 0.000946045 2680 3216
92.5657 0.0610733 3216 3752
92.5676 0.00188446 3752 4288
92.6277 0.0601349 4288 4824
92.6291 0.00141144 4824 4883
92.6907 0.0615463 4883 5360
92.7522 0.0615692 5360 4824
92.9384 0.186127 4824 4288
92.9999 0.0615616 4288 4824
93.555 0.555069 4824 4288
93.6166 0.0615616 4288 4824
93.6926 0.076004 4824 536
94.0156 0.32309 536 1072
94.0777 0.0620193 1072 1608
94.1397 0.0620117 1608 2144
94.2012 0.0615463 2144 2680
94.2022 0.000946045 2680 3216
94.2632 0.0610733 3216 3752
94.2642 0.000946045 3752 4288
94.2642 0 4288 4355
94.3897 0.125465 4355 3752
94.4517 0.0620193 3752 3819
94.5743 0.122658 3819 3216
94.6359 0.0615463 3216 3283
94.6979 0.0620575 3283 2680
94.7595 0.0615463 2680 2747
94.8807 0.121185 2747 2144
94.9422 0.0615463 2144 2211
95.0072 0.0649414 2211 1608
95.0687 0.0615463 1608 1675
95.1303 0.0615616 1675 1846
95.1918 0.0615463 1846 2001
95.2534 0.0615463 2001 2144
95.3149 0.0615463 2144 2278
95.3158 0.000946045 2278 2404
95.3769 0.0610733 2404 2523
95.3779 0.000946045 2523 2636
95.4389 0.0610733 2636 2744
95.4399 0.000938416 2744 2848
95.5019 0.0620193 2848 2948
95.5634 0.0615463 2948 3045
95.625 0.0615463 3045 3139
95.6865 0.0615463 3139 3230
95.7481 0.0615463 3230 3318
95.8096 0.0615616 3318 2680
95.8101 0.000473022 2680 2144
95.8703 0.0601501 2144 1675
95.8707 0.000473022 1675 1608
95.8717 0.000923157 1608 1675
95.9328 0.0610962 1675 1846
96.1948 0.262016 1846 2001
96.2568 0.0620117 2001 2144
96.3183 0.0615463 2144 2278
96.3193 0.000946045 2278 2404
96.3804 0.0610733 2404 2523
96.3813 0.000946045 2523 2636
96.4424 0.0610733 2636 2744
96.4433 0.000946045 2744 2848
96.5053 0.0620117 2848 2948
96.5669 0.0615463 2948 3045
96.6284 0.0615463 3045 3139
96.69 0.0615463 3139 3230
96.7515 0.0615463 3230 3318
96.8126 0.0610733 3318 3404
96.8145 0.00189209 3404 3488
96.8746 0.0601273 3488 3570
96.8774 0.00283051 3570 3650
96.9385 0.0610733 3650 3728
96.9986 0.0601273 3728 3805
97.0015 0.00283813 3805 3880
97.063 0.0615387 3880 4288
97.1852 0.122169 4288 3752
97.1857 0.000473022 3752 3216
97.3083 0.122635 3216 3305
97.3703 0.0620193 3305 3391
97.4328 0.0625076 3391 2680
97.4948 0.0620193 2680 2855
97.5564 0.0615692 2855 2955
97.618 0.0615387 2955 3052
97.6795 0.0615463 3052 3146
97.741 0.0615463 3146 3237
97.8026 0.0615463 3237 3325
97.8637 0.0610733 3325 3411
97.9266 0.0629807 3411 2680
97.9882 0.0615463 2680 2855
98.0493 0.0610962 2855 2955
98.1113 0.0620346 2955 2144
98.1733 0.0620193 2144 2419
98.2349 0.0615845 2419 1608
99.1733 0.938416 1608 536
99.4964 0.32309 536 1072
99.5584 0.0620193 1072 1340
99.6205 0.0620117 1340 1554
99.6825 0.0620193 1554 1738
99.7445 0.0620193 1738 1903
99.806 0.0615463 1903 2053
99.8676 0.0615463 2053 2192
99.9291 0.0615463 2192 2323
99.9301 0.000938416 2323 2446
99.9912 0.0610733 2446 2563
99.9921 0.000946045 2563 2675
100.053 0.0610733 2675 2782
100.054 0.000946045 2782 2885
100.116 0.0620193 2885 2984
100.178 0.0615463 2984 3080
100.363 0.185143 3080 1608
100.363 0.000473022 1608 1072
100.685 0.321693 1072 1340
100.747 0.0620193 1340 1554
100.809 0.0620193 1554 1738
100.871 0.0620193 1738 1903
100.933 0.0615387 1903 2053
100.994 0.0615463 2053 2192
101.056 0.0615463 2192 2323
101.057 0.000946045 2323 2446
101.118 0.0610733 2446 2563
101.119 0.000946045 2563 2675
101.18 0.0610733 2675 2782
101.303 0.123604 2782 1608
101.304 0.000465393 1608 1072
101.427 0.123566 1072 1340
101.489 0.0620193 1340 1554
101.551 0.0620193 1554 1738
101.613 0.0620117 1738 1903
101.737 0.124077 1903 1072
101.861 0.123108 1072 1340
101.923 0.0620193 1340 1554
101.985 0.0620193 1554 1738
102.047 0.0620193 1738 1903
102.108 0.0615463 1903 2053
102.17 0.0615387 2053 2192
102.231 0.0615463 2192 2323
102.232 0.000946045 2323 2446
102.293 0.0610733 2446 2563
102.294 0.000946045 2563 2675
102.355 0.0610733 2675 2782
102.356 0.000946045 2782 2885
102.418 0.0620117 2885 2984
102.48 0.0615463 2984 3080
102.541 0.0615463 3080 3173
102.603 0.0615463 3173 3263
102.664 0.0615463 3263 3351
102.726 0.0610733 3351 3436
102.788 0.0620193 3436 3519
102.788 0.000946045 3519 3600
102.851 0.0620117 3600 3679
102.912 0.0610733 3679 3757
102.913 0.00189209 3757 3833
102.975 0.0620193 3833 3907
103.592 0.616417 3907 3216
103.592 0.000473022 3216 2930
103.652 0.0591812 2930 2680
103.653 0.00189209 2680 2930
103.715 0.0610886 2930 3028
103.776 0.0615463 3028 3122
103.838 0.0615463 3122 3214
103.9 0.0625076 3214 2144
103.962 0.0615463 2144 2678
104.084 0.122643 2678 2785
104.146 0.0620117 2785 2888
104.208 0.0615463 2888 2987
104.332 0.124077 2987 1608
104.394 0.0615616 1608 2144
104.394 0.000457764 2144 2451
104.578 0.184219 2451 1608
104.64 0.0615463 1608 1915
104.641 0.000946045 1915 2065
104.702 0.0615463 2065 2204
104.764 0.0615463 2204 2334
104.765 0.000938416 2334 2457
104.826 0.0610733 2457 2573
104.827 0.000946045 2573 2684
104.888 0.0610733 2684 2791
104.949 0.0615463 2791 2893
105.011 0.0615463 2893 2992
105.073 0.0624924 2992 3088
105.135 0.0615387 3088 3181
105.196 0.0615463 3181 3271
105.258 0.0615463 3271 3358
105.26 0.00189209 3358 3443
105.321 0.0610733 3443 3526
105.382 0.0610733 3526 3607
105.384 0.00188446 3607 3686
105.445 0.0610733 3686 3763
105.506 0.0610733 3763 3839
105.508 0.00190735 3839 3216
105.508 0.000473022 3216 2680
105.568 0.0591888 2680 2247
105.568 0.000473022 2247 1915
105.569 0.000488281 1915 1608
105.57 0.000923157 1608 1915
105.631 0.0610962 1915 2065
105.692 0.0615463 2065 2204
105.754 0.0615463 2204 2334
105.755 0.000938416 2334 2457
105.817 0.0620422 2457 1608
105.878 0.0615387 1608 1915
106.14 0.261566 1915 2065
106.202 0.0620193 2065 2204
106.263 0.0615463 2204 2334
106.264 0.000946045 2334 2457
106.325 0.0610733 2457 2573
106.326 0.000938416 2573 2684
106.387 0.0610809 2684 2791
106.449 0.0615387 2791 2893
106.511 0.0615463 2893 2992
106.572 0.0615463 2992 3088
106.634 0.0615463 3088 3181
106.695 0.0615463 3181 3271
106.757 0.0615463 3271 3358
106.759 0.00188446 3358 3443
106.82 0.0610733 3443 3526
106.881 0.0610809 3526 3607
106.883 0.00188446 3607 3686
106.944 0.0610733 3686 3763
107.005 0.0610733 3763 3839
107.066 0.0615463 3839 4288
107.253 0.186523 4288 4824
107.314 0.0610733 4824 5360
107.375 0.0615463 5360 5896
107.441 0.0657959 5896 6432
107.565 0.123558 6432 6968
107.626 0.0610733 6968 7504
107.686 0.0596771 7504 6968
107.686 0.000473022 6968 6600
107.687 0.00141907 6600 6416
107.688 0.000473022 6416 5628
107.688 0.000473022 5628 5360
107.747 0.0587082 5360 5628
107.809 0.0616074 5628 4824
107.813 0.00377655 4824 4288
107.813 0.000938416 4288 3752
107.87 0.0568848 3752 4288
107.874 0.00376129 4288 4824
107.875 0.000923157 4824 4288
107.993 0.117958 4288 5092
108.055 0.0615463 5092 5360
108.117 0.0620346 5360 4824
108.239 0.122635 4824 5360
108.367 0.12825 5360 5896
108.426 0.0587692 5896 5360
108.427 0.000473022 5360 4824
108.549 0.122635 4824 5360
108.611 0.0615692 5360 4824
108.734 0.122635 4824 5360
108.795 0.0615463 5360 5896
108.8 0.00466156 5896 5360
108.8 0.000473022 5360 4824
109.294 0.493797 4824 4288
109.418 0.124054 4288 3752
109.725 0.30732 3752 3216
109.842 0.117012 3216 2680
109.904 0.0615463 2680 3216
109.965 0.0611115 3216 2680
110.034 0.0686035 2680 2787
110.095 0.0615463 2787 2890
110.157 0.0615463 2890 2989
110.218 0.0615463 2989 3085
110.335 0.116974 3085 3178
110.397 0.0615463 3178 3268
110.458 0.0615463 3268 3355
110.46 0.00188446 3355 3440
110.521 0.0610962 3440 2680
110.644 0.122635 2680 2787
110.706 0.0615463 2787 2890
110.767 0.0615463 2890 2989
110.829 0.0615463 2989 3085
110.89 0.0615463 3085 3178
110.952 0.0615463 3178 3268
111.013 0.0615616 3268 2680
111.077 0.0634308 2680 2787
111.139 0.0620193 2787 2890
111.2 0.0615463 2890 2989
111.262 0.0615463 2989 3085
111.323 0.0615463 3085 3178
111.385 0.0615463 3178 3268
111.446 0.0615463 3268 3355
111.508 0.0610733 3355 3440
111.509 0.00188446 3440 3523
111.57 0.0610733 3523 3604
111.632 0.0610733 3604 3683
111.694 0.0625153 3683 2680
111.817 0.123108 2680 2787
111.879 0.0615463 2787 2890
111.94 0.0615463 2890 2989
112.002 0.0615463 2989 3085
112.063 0.0615387 3085 3178
112.125 0.0615463 3178 3268
112.186 0.0615692 3268 2680
112.309 0.122635 2680 2787
112.371 0.0615463 2787 2890
112.434 0.0634384 2890 2144
112.496 0.0615616 2144 2354
112.557 0.0615616 2354 2476
112.618 0.0610733 2476 2592
112.619 0.000946045 2592 2702
112.68 0.0610733 2702 2808
112.742 0.0615463 2808 2910
112.803 0.0615463 2910 3008
112.865 0.0615463 3008 3103
112.926 0.0615463 3103 3195
112.988 0.0615463 3195 3284
113.05 0.0615463 3284 3371
113.051 0.00188446 3371 3456
113.113 0.0610733 3456 3539
113.174 0.0610733 3539 3620
113.175 0.00189209 3620 3699
113.237 0.0610733 3699 3776
113.298 0.0610886 3776 3216
113.299 0.000946045 3216 2354
113.299 0.000473022 2354 2144
113.359 0.0601273 2144 2354
113.421 0.0615692 2354 2476
113.423 0.00233459 2476 2592
113.483 0.0596771 2592 2702
113.485 0.00234222 2702 2808
113.547 0.0615463 2808 2910
113.608 0.0615463 2910 3008
113.67 0.0615463 3008 3103
113.731 0.0615463 3103 3195
113.793 0.0615463 3195 3284
113.854 0.0615463 3284 3371
113.915 0.0601425 3371 3456
113.917 0.00281525 3456 3539
113.978 0.0610733 3539 3620
114.039 0.0601501 3620 3699
114.041 0.00281525 3699 3776
114.102 0.0610733 3776 3852
114.164 0.0615463 3852 4288
114.348 0.183708 4288 4824
114.351 0.00281525 4824 4883
114.413 0.0620346 4883 5360
114.535 0.12262 5360 5896
114.596 0.0610733 5896 6432
114.658 0.0615463 6432 6968
114.78 0.12262 6968 7504
114.909 0.128281 7504 8040
114.97 0.0610733 8040 8576
115.031 0.0615463 8576 9112
115.089 0.0577927 9112 8576
115.09 0.000465393 8576 8224
115.09 0.000473022 8224 8048
115.091 0.000473022 8048 7871
115.091 0.000473022 7871 7695
115.091 0.000473022 7695 7519
115.092 0.000473022 7519 7342
115.092 0.000473022 7342 6834
115.093 0.000473022 6834 6432
115.151 0.0577698 6432 6834
115.214 0.063446 6834 5896
115.276 0.0615463 5896 6298
115.335 0.0596771 6298 6432
115.459 0.123581 6432 5896
115.582 0.122643 5896 6432
115.651 0.0690613 6432 6968
115.707 0.0564117 6968 6432
115.708 0.000465393 6432 5896
115.711 0.00328827 5896 5360
115.769 0.0578079 5360 5896
115.775 0.00611877 5896 5360
115.897 0.122147 5360 5896
115.958 0.0606384 5896 6432
116.019 0.0615463 6432 6968
116.14 0.12075 6968 7504
116.207 0.0667343 7504 6968
116.207 0.000473022 6968 6600
116.207 0.000473022 6600 6416
116.208 0.000473022 6416 5628
116.208 0.000473022 5628 5360
116.268 0.0596542 5360 5628
116.33 0.0615845 5628 4824
116.391 0.0615463 4824 5092
116.637 0.246223 5092 4288
116.699 0.0615463 4288 4556
116.758 0.0587311 4556 3752
116.819 0.0615463 3752 4020
116.88 0.0610886 4020 3216
116.942 0.0615463 3216 3484
117.003 0.0615692 3484 3752
117.065 0.0610886 3752 3216
117.187 0.122658 3216 2680
117.249 0.0620346 2680 2144
117.311 0.0615463 2144 2680
117.315 0.00428772 2680 2787
117.377 0.0615463 2787 2890
117.438 0.0615463 2890 2989
117.557 0.119278 2989 3085
117.62 0.0629807 3085 2680
117.681 0.0606232 2680 2549
117.682 0.000465393 2549 2144
117.682 0.000457764 2144 2549
117.744 0.0615616 2549 2661
117.745 0.00139618 2661 2768
117.806 0.0606232 2768 2871
117.867 0.0615463 2871 2971
117.929 0.0615463 2971 3067
117.99 0.0615463 3067 3160
118.052 0.0615463 3160 3250
118.113 0.0615463 3250 3338
118.115 0.00188446 3338 3424
118.177 0.0620346 3424 2680
118.237 0.0596619 2680 2549
118.237 0.000473022 2549 2144
118.239 0.00141144 2144 2549
118.3 0.0615692 2549 2661
118.361 0.0610733 2661 2768
118.362 0.000938416 2768 2871
118.424 0.0620193 2871 2971
118.486 0.0615463 2971 3067
118.547 0.0615463 3067 3160
118.609 0.0615463 3160 3250
118.671 0.0615463 3250 3338
118.732 0.0610733 3338 3424
118.734 0.00188446 3424 3507
118.795 0.0610733 3507 3588
118.856 0.0610733 3588 3668
118.858 0.00189209 3668 3746
118.919 0.0610733 3746 3822
118.98 0.0610733 3822 3897
119.041 0.0615463 3897 4288
119.103 0.0615463 4288 4355
119.228 0.124977 4355 4420
119.29 0.0620193 4420 4824
119.351 0.0610733 4824 5360
119.354 0.00284576 5360 4824
119.354 0.000473022 4824 4422
119.412 0.0582428 4422 4020
119.413 0.000473022 4020 3752
119.475 0.0620193 3752 4020
119.537 0.0625076 4020 3216
119.599 0.0620346 3216 3484
119.6 0.000473022 3484 3216
119.6 0.000473022 3216 2680
119.662 0.0615616 2680 3484
119.724 0.0615692 3484 3566
119.784 0.0606003 3566 3646
119.847 0.0629807 3646 2680
119.909 0.0615463 2680 3110
119.97 0.0610886 3110 3202
120.031 0.0615463 3202 3291
120.093 0.0615463 3291 3378
120.154 0.0610733 3378 3463
120.156 0.00189209 3463 3545
120.217 0.0610733 3545 3626
120.278 0.0610733 3626 3705
120.28 0.00188446 3705 3782
120.341 0.0610733 3782 3857
120.402 0.0615463 3857 4288
120.528 0.12545 4288 4824
120.589 0.0615692 4824 4288
120.59 0.000473022 4288 3874
120.59 0.000473022 3874 3618
120.649 0.0587082 3618 3216
120.651 0.00236511 3216 3618
120.773 0.121216 3618 2680
120.834 0.0615463 2680 3082
120.837 0.00240326 3082 3175
120.898 0.0615463 3175 3265
120.961 0.0625076 3265 2680
121.022 0.0615463 2680 2729
121.084 0.0615845 2729 2144
121.146 0.0620117 2144 2193
121.207 0.0615692 2193 2324
121.268 0.0610733 2324 2447
121.269 0.000946045 2447 2564
121.331 0.0610733 2564 2676
121.331 0.000938416 2676 2783
121.393 0.0620193 2783 2886
121.455 0.0615463 2886 2985
121.517 0.0615463 2985 3081
121.578 0.0615463 3081 3174
121.64 0.0615463 3174 3264
121.701 0.0615463 3264 3352
121.703 0.00188446 3352 3437
121.764 0.0610733 3437 3520
121.826 0.0615692 3520 2680
121.826 0.000465393 2680 2193
121.886 0.0601501 2193 2144
121.888 0.00139618 2144 2193
121.949 0.0615692 2193 2324
122.011 0.0620193 2324 2447
122.074 0.0625229 2447 2144
122.135 0.061058 2144 1911
122.196 0.0615463 1911 2061
122.258 0.0615463 2061 2200
122.32 0.0615387 2200 2330
122.32 0.000946045 2330 2453
122.444 0.123131 2453 1072
122.505 0.0615616 1072 1608
122.506 0.000457764 1608 1911
122.567 0.0615616 1911 2061
122.629 0.0615463 2061 2200
122.69 0.0615463 2200 2330
122.691 0.000946045 2330 2453
122.752 0.0610733 2453 2570
122.753 0.000946045 2570 2681
122.814 0.0610733 2681 2788
122.876 0.0615463 2788 2891
122.937 0.0615387 2891 2990
122.999 0.0615463 2990 3086
123.061 0.0615463 3086 3179
123.122 0.0615463 3179 3269
123.184 0.0615463 3269 3356
123.185 0.00188446 3356 3441
123.247 0.0610809 3441 3524
123.308 0.0615616 3524 2680
123.309 0.000473022 2680 2144
123.369 0.0601501 2144 1911
123.369 0.000473022 1911 1608
123.37 0.000923157 1608 1911
123.431 0.0610886 1911 2061
123.493 0.0615463 2061 2200
123.554 0.0615463 2200 2330
123.555 0.000946045 2330 2453
123.616 0.0610733 2453 2570
123.617 0.000946045 2570 2681
123.678 0.0610733 2681 2788
123.74 0.0615463 2788 2891
123.801 0.0615387 2891 2990
123.863 0.0615463 2990 3086
123.925 0.0615463 3086 3179
123.986 0.0615463 3179 3269
124.048 0.0615463 3269 3356
124.05 0.00189209 3356 3441
124.111 0.0610733 3441 3524
124.112 0.000938416 3524 3605
124.174 0.0620193 3605 3684
124.235 0.0610733 3684 3761
124.237 0.00189209 3761 3837
124.299 0.0620117 3837 4288
124.422 0.123116 4288 3752
124.422 0.000473022 3752 3216
124.545 0.123108 3216 3752
124.606 0.0610733 3752 3828
124.668 0.0615463 3828 4288
124.729 0.0615463 4288 4355
124.854 0.124977 4355 4824
124.915 0.0610733 4824 5360
124.918 0.00285339 5360 4824
124.919 0.000473022 4824 4422
124.977 0.0582352 4422 4020
124.977 0.000473022 4020 3752
124.98 0.00281525 3752 4020
125.041 0.0610962 4020 4288
125.164 0.122612 4288 4824
125.225 0.0610809 4824 5360
125.287 0.0615387 5360 5896
125.351 0.0639267 5896 5360
125.351 0.000473022 5360 4969
125.352 0.000473022 4969 4422
125.352 0.000473022 4422 4288
125.412 0.0601273 4288 4422
125.476 0.0634537 4422 3752
125.537 0.0615463 3752 3886
125.78 0.242424 3886 3216
125.841 0.0615463 3216 3350
125.906 0.0649109 3350 3435
125.967 0.0605774 3435 3518
126.027 0.0600891 3518 3599
126.03 0.00336456 3599 3678
126.091 0.060585 3678 3756
126.151 0.0600891 3756 3832
126.212 0.0615463 3832 4288
126.339 0.126472 4288 3752
126.339 0.000473022 3752 3350
126.397 0.0581818 3350 3216
126.401 0.00334167 3216 3350
126.462 0.0615616 3350 3752
126.523 0.0610809 3752 3828
126.585 0.0615387 3828 4288
126.71 0.125458 4288 4824
126.771 0.0610733 4824 5360
126.833 0.0615463 5360 5896
126.956 0.122612 5896 6432
126.958 0.00240326 6432 5896
126.958 0.000473022 5896 5514
126.959 0.000473022 5514 4824
127.081 0.122162 4824 5360
127.204 0.122604 5360 5896
127.265 0.0610733 5896 6432
127.328 0.0629807 6432 6004
127.328 0.000473022 6004 5789
127.329 0.000465393 5789 4824
127.448 0.119751 4824 5360
127.51 0.0615463 5360 5896
127.577 0.0667725 5896 6432
127.636 0.0596771 6432 5896
127.637 0.000946045 5896 5514
127.638 0.000946045 5514 4824
128.189 0.550629 4824 4288
128.19 0.000976562 4288 3752
128.251 0.0605774 3752 4288
128.435 0.184158 4288 4824
128.441 0.00616455 4824 5360
128.503 0.0625 5360 5896
128.561 0.0577393 5896 6432
128.627 0.0662842 6432 6968
128.751 0.123581 6968 6432
128.751 0.000473022 6432 6057
128.753 0.00141907 6057 5870
128.753 0.000473022 5870 5226
128.754 0.000473022 5226 4824
128.812 0.0587158 4824 5226
128.93 0.117905 5226 5360
129.064 0.133469 5360 5896
129.126 0.0620117 5896 6432
129.187 0.061554 6432 6968
129.25 0.0625 6968 6432
129.25 0.000473022 6432 6057
129.251 0.000961304 6057 5870
129.252 0.000473022 5870 5226
129.3 0.047821 5226 4288
129.312 0.0123138 4288 5226
129.374 0.0620422 5226 5360
129.436 0.0615387 5360 5896
129.497 0.0610809 5896 6432
129.558 0.0615387 6432 6968
129.671 0.113159 6968 7504
129.795 0.124054 7504 6968
129.796 0.000473022 6968 6600
129.805 0.00946045 6600 6416
129.806 0.000473022 6416 5628
129.807 0.00141907 5628 5360
129.857 0.0502014 5360 5628
129.98 0.122635 5628 5896
129.994 0.0141754 5896 5360
130.117 0.123108 5360 5896
130.167 0.0492706 5896 5360
130.179 0.0123138 5360 4824
130.228 0.0492554 4824 5360
130.35 0.122192 5360 4824
130.474 0.124054 4824 4288
130.597 0.123093 4288 4824
130.611 0.0137329 4824 4288
130.722 0.110336 4288 3752
130.783 0.0611115 3752 3216
130.783 0.000457764 3216 4288
130.844 0.0606384 4288 3752
130.919 0.0752716 3752 3216
131.278 0.358978 3216 2680
131.34 0.0620422 2680 3216
131.907 0.56665 3216 536
134.23 2.32309 536 1072
134.292 0.0620117 1072 1340
134.354 0.062027 1340 1554
134.416 0.0620117 1554 1738
134.478 0.0620117 1738 1903
134.539 0.061554 1903 2053
134.601 0.0615387 2053 2192
134.663 0.061554 2192 2323
134.663 0.000946045 2323 2446
134.725 0.0610657 2446 2563
134.725 0.000946045 2563 2675
134.787 0.0610657 2675 2782
134.787 0.000946045 2782 2885
134.85 0.062027 2885 2984
134.972 0.122147 2984 3080
135.033 0.0615387 3080 3173
135.095 0.061554 3173 3263
135.156 0.0615387 3263 3351
135.158 0.00189209 3351 3436
135.22 0.0620575 3436 2680
135.28 0.0601501 2680 1608
135.281 0.000473022 1608 1072
135.404 0.123581 1072 1340
135.466 0.0620117 1340 1554
135.528 0.0620117 1554 1738
135.59 0.062027 1738 1903
135.652 0.0615387 1903 2053
135.714 0.061554 2053 2192
135.775 0.0615387 2192 2323
135.776 0.000946045 2323 2446
135.837 0.0610809 2446 2563
135.838 0.000930786 2563 2675
135.9 0.062027 2675 2782
135.962 0.0620117 2782 2885
136.024 0.061554 2885 2984
136.085 0.0615387 2984 3080
136.147 0.061554 3080 3173
136.21 0.062973 3173 2144
136.27 0.0606232 2144 1608
136.271 0.000473022 1608 1072
136.333 0.0624847 1072 1340
136.395 0.062027 1340 1554
136.457 0.0620117 1554 1738
136.519 0.0620117 1738 1903
136.643 0.123138 1903 1072
136.766 0.123093 1072 1340
136.828 0.0620117 1340 1554
136.89 0.0620117 1554 1738
136.952 0.062027 1738 1903
137.013 0.0615387 1903 2053
137.075 0.061554 2053 2192
137.136 0.0615387 2192 2323
137.137 0.000946045 2323 2446
137.198 0.0610809 2446 2563
137.199 0.000930786 2563 2675
137.26 0.0610809 2675 2782
137.261 0.000946045 2782 2885
137.323 0.0620117 2885 2984
137.385 0.061554 2984 3080
137.446 0.0615387 3080 3173
137.508 0.061554 3173 3263
137.57 0.0625 3263 2680
137.63 0.0596619 2680 2144
137.631 0.000473022 2144 1608
137.631 0.000488281 1608 1072
137.632 0.000930786 1072 1340
137.694 0.0620117 1340 1554
137.756 0.0620117 1554 1738
137.88 0.123611 1738 1072
138.003 0.123093 1072 1340
138.264 0.261536 1340 1554
138.449 0.184692 1554 536
138.51 0.061554 536 1072
138.51 0 1072 1340
138.573 0.0620117 1340 1554
138.635 0.062027 1554 1738
138.697 0.0620117 1738 1903
138.758 0.0615387 1903 2053
138.82 0.061554 2053 2192
139.82 1 2192 536
140.143 0.32309 536 1072
140.205 0.0620117 1072 1340
140.267 0.062027 1340 1554
140.329 0.0620117 1554 1738
140.391 0.062027 1738 1903
140.452 0.0615387 1903 2053
140.514 0.0615387 2053 2192
140.575 0.061554 2192 2323
140.576 0.000946045 2323 2446
140.637 0.0610657 2446 2563
140.638 0.000946045 2563 2675
140.699 0.0610809 2675 2782
140.7 0.000946045 2782 2885
140.762 0.0620117 2885 2984
140.824 0.0615387 2984 3080
140.886 0.061554 3080 3173
140.947 0.0615387 3173 3263
141.009 0.061554 3263 3351
141.07 0.0610657 3351 3436
141.072 0.00189209 3436 3519
141.133 0.0610809 3519 3600
141.194 0.0610657 3600 3679
141.196 0.00189209 3679 3757
141.257 0.0610657 3757 3833
141.318 0.061554 3833 4288
141.444 0.125473 4288 3752
141.502 0.0587006 3752 3216
141.567 0.0644073 3216 3752
141.628 0.0610657 3752 3828
141.689 0.061554 3828 4288
141.815 0.125443 4288 4824
141.876 0.0610809 4824 5360
141.938 0.0615387 5360 5896
142 0.062027 5896 6432
142.001 0.00190735 6432 5896
142.002 0.000473022 5896 5514
142.002 0.000473022 5514 4824
142.063 0.0606079 4824 4288
142.063 0.000457764 4288 4824
142.186 0.122192 4824 5360
142.312 0.125931 5360 4824
142.8 0.488129 4824 4288
142.922 0.12265 4288 3752
142.99 0.0677338 3752 4288
143.052 0.061554 4288 4824
143.112 0.0606232 4824 4288
143.113 0.000473022 4288 3752
143.233 0.120667 3752 4288
143.299 0.0653992 4288 3752
143.421 0.122635 3752 4288
143.484 0.0625153 4288 3752
144.157 0.673172 3752 3216
144.285 0.127914 3216 3305
144.344 0.058609 3305 3391
144.404 0.0606232 3391 3475
144.409 0.00480652 3475 3557
144.468 0.0585938 3557 3637
144.528 0.0606232 3637 3715
144.533 0.00482178 3715 3792
144.592 0.0585938 3792 3867
144.653 0.061554 3867 4288
144.715 0.0615387 4288 4824
144.839 0.124069 4824 3618
144.842 0.00297546 3618 3216
144.843 0.00138855 3216 3618
144.844 0.000473022 3618 3216
144.9 0.0567169 3216 3618
144.965 0.0650024 3618 2680
145.085 0.119675 2680 3082
145.085 0 3082 3175
145.149 0.063446 3175 1608
145.21 0.0615692 1608 2144
145.271 0.0605927 2144 2639
145.332 0.0615692 2639 1608
145.394 0.061554 1608 2103
145.395 0.00143433 2103 2239
145.457 0.0615387 2239 2367
145.458 0.000946045 2367 2488
145.519 0.0610809 2488 2603
145.52 0.000930786 2603 2713
145.581 0.0610809 2713 2818
145.644 0.062973 2818 2144
145.704 0.0606232 2144 2103
145.705 0.000473022 2103 1608
145.706 0.000930786 1608 2103
145.767 0.0610962 2103 2239
145.828 0.0615387 2239 2367
145.829 0.000946045 2367 2488
145.89 0.0610657 2488 2603
145.953 0.062027 2603 2713
146.015 0.0620117 2713 2818
146.077 0.0620422 2818 2144
146.078 0.000961304 2144 2103
146.078 0.000473022 2103 1608
146.138 0.0601044 1608 2103
146.199 0.0610962 2103 2239
146.261 0.061554 2239 2367
146.262 0.000930786 2367 2488
146.323 0.0610809 2488 2603
146.324 0.000946045 2603 2713
146.385 0.0610657 2713 2818
146.446 0.061554 2818 2919
146.509 0.0625 2919 2144
146.509 0.000473022 2144 2103
146.57 0.0606384 2103 1608
146.57 0.000457764 1608 2103
146.632 0.0611115 2103 1608
146.632 0.000473022 1608 1072
146.694 0.0615387 1072 2103
146.755 0.0615692 2103 2239
146.817 0.061554 2239 2367
146.818 0.000930786 2367 2488
146.879 0.0610809 2488 2603
146.88 0.000946045 2603 2713
146.941 0.0610657 2713 2818
147.002 0.061554 2818 2919
147.064 0.0615387 2919 3017
147.125 0.061554 3017 3112
147.187 0.0615387 3112 3204
147.248 0.061554 3204 3293
147.31 0.0615387 3293 3380
147.312 0.00189209 3380 3464
147.373 0.0610962 3464 2680
147.373 0.000473022 2680 2144
147.374 0.000457764 2144 2103
147.434 0.0596771 2103 1608
147.434 0.000930786 1608 2103
147.496 0.0610962 2103 2239
147.557 0.0615387 2239 2367
147.558 0.000946045 2367 2488
147.619 0.0610809 2488 2603
147.62 0.000946045 2603 2713
147.681 0.0610657 2713 2818
147.743 0.061554 2818 2919
147.804 0.0615387 2919 3017
147.866 0.0615387 3017 3112
147.927 0.061554 3112 3204
147.989 0.0615387 3204 3293
148.05 0.061554 3293 3380
148.052 0.00189209 3380 3464
148.113 0.0610657 3464 3546
148.174 0.0610809 3546 3627
148.176 0.00187683 3627 3706
148.237 0.0610809 3706 3783
148.298 0.0610657 3783 3858
148.36 0.061554 3858 4288
148.547 0.186523 4288 4824
148.608 0.0610657 4824 5360
148.669 0.061554 5360 5896
148.735 0.0657959 5896 6432
148.858 0.12262 6432 6968
148.919 0.0610657 6968 7504
148.98 0.061554 7504 8040
149.042 0.062027 8040 7504
149.043 0.000473022 7504 7142
149.043 0.000473022 7142 6961
149.044 0.000473022 6961 6030
149.044 0.000473022 6030 5896
149.104 0.0596771 5896 6030
149.106 0.00189209 6030 5896
149.106 0.000473022 5896 5360
149.168 0.0615387 5360 6030
149.229 0.0615692 6030 6432
149.291 0.0615387 6432 6968
149.411 0.119766 6968 7504
149.478 0.0672607 7504 6968
149.478 0.000457764 6968 6650
149.479 0.000473022 6650 6030
149.479 0.000473022 6030 5896
149.54 0.0606079 5896 6030
149.719 0.17897 6030 5360
149.78 0.0615692 5360 5494
149.781 0.000473022 5494 4288
149.842 0.0615845 4288 4824
149.843 0.000442505 4824 5494
149.966 0.123123 5494 5896
149.974 0.00804138 5896 6432
150.036 0.0615387 6432 6968
150.094 0.0587006 6968 7504
150.156 0.0615387 7504 8040
150.213 0.057312 8040 7504
150.214 0.000473022 7504 7142
150.215 0.000946045 7142 6961
150.215 0.000473022 6961 6030
150.216 0.000473022 6030 5896
150.275 0.0591888 5896 6030
150.284 0.00947571 6030 6432
150.342 0.0577545 6432 5896
150.463 0.120743 5896 6432
150.468 0.00523376 6432 5896
150.59 0.121674 5896 5360
150.833 0.243347 5360 5896
150.841 0.0085144 5896 6432
150.903 0.061554 6432 6968
150.964 0.0606232 6968 6432
150.964 0.000473022 6432 6075
150.965 0.000473022 6075 5360
151.087 0.122147 5360 5896
151.145 0.0587311 5896 6432
151.207 0.0615387 6432 6968
151.269 0.0615692 6968 6432
151.269 0.000473022 6432 6075
151.27 0.000473022 6075 5360
151.332 0.0625 5360 4824
151.394 0.061554 4824 5360
151.455 0.0610962 5360 5896
151.514 0.0591583 5896 6432
151.575 0.061554 6432 6968
151.638 0.062973 6968 6432
151.639 0.000473022 6432 6075
151.64 0.00143433 6075 5360
151.761 0.121201 5360 5896
151.884 0.12262 5896 6432
152.008 0.123581 6432 5896
152.008 0.000473022 5896 5360
152.016 0.0075531 5360 4824
152.069 0.0535431 4824 5360
152.139 0.0695496 5360 5896
152.198 0.0592041 5896 5360
152.255 0.0568848 5360 4824
152.26 0.00468445 4824 5360
152.316 0.0568848 5360 4824
152.316 0 4824 5360
152.321 0.00468445 5360 4824
152.441 0.120316 4824 5360
152.503 0.0615387 5360 5896
152.626 0.122604 5896 6432
152.754 0.128296 6432 5896
152.811 0.0568237 5896 5514
152.811 0.000473022 5514 4824
152.877 0.0653534 4824 5360
152.999 0.122589 5360 5896
153.06 0.0610809 5896 6432
153.124 0.0639191 6432 5360
153.125 0.000473022 5360 4824
153.183 0.0587311 4824 4288
153.186 0.00238037 4288 4824
153.306 0.120255 4824 5360
153.368 0.0620422 5360 4824
153.429 0.0611267 4824 4288
153.43 0.000457764 4288 4824
153.432 0.00236511 4824 4288
153.491 0.0587463 4288 4824
153.555 0.0643616 4824 4288
153.679 0.123611 4288 4824
153.74 0.0610809 4824 5360
153.801 0.0615387 5360 5896
153.925 0.124054 5896 5360
153.926 0.000473022 5360 4969
153.926 0.000473022 4969 4422
153.927 0.000473022 4422 4288
154.418 0.49115 4288 3752
154.418 0.000473022 3752 3216
154.479 0.0611115 3216 3752
154.48 0.000915527 3752 4288
154.727 0.246307 4288 3752
154.788 0.061554 3752 4288
154.866 0.0778656 4288 536
154.928 0.0615845 536 1072
154.989 0.0615692 1072 1608
155.051 0.0620117 1608 2144
155.113 0.061554 2144 2680
155.175 0.0620422 2680 2144
155.298 0.123108 2144 2278
155.36 0.0620117 2278 2404
155.361 0.000946045 2404 2523
155.422 0.0610657 2523 2636
155.423 0.000946045 2636 2744
155.484 0.0610809 2744 2848
155.546 0.0615387 2848 2948
155.607 0.061554 2948 3045
155.669 0.0615387 3045 3139
155.73 0.061554 3139 3230
155.792 0.0615387 3230 3318
155.794 0.00189209 3318 3404
155.855 0.0610657 3404 3488
155.916 0.0610809 3488 3570
155.918 0.00189209 3570 3650
155.98 0.0620117 3650 3728
156.04 0.0601349 3728 3805
156.043 0.00282288 3805 3880
156.104 0.061554 3880 4288
156.227 0.12262 4288 4824
156.287 0.0605927 4824 5360
156.349 0.061554 5360 5896
156.415 0.0658112 5896 5360
156.415 0.000473022 5360 4969
156.473 0.0572968 4969 4422
156.473 0.000473022 4422 4288
156.476 0.0032959 4288 4422
156.538 0.062027 4422 4824
156.599 0.0610657 4824 4883
156.662 0.0625 4883 5360
156.787 0.125458 5360 4824
156.845 0.0577698 4824 4422
156.847 0.00143433 4422 4288
156.847 0.000473022 4288 3752
156.849 0.00189209 3752 4422
156.908 0.0592041 4422 4288
157.031 0.123154 4288 3752
157.094 0.0630188 3752 3216
157.156 0.0615845 3216 3752
157.341 0.185242 3752 3216
157.403 0.0615845 3216 3752
157.849 0.446213 3752 536
157.911 0.0615692 536 1072
158.034 0.123093 1072 1608
158.096 0.0620117 1608 2144
158.158 0.0625153 2144 1608
158.281 0.122635 1608 1786
158.343 0.0620117 1786 1946
158.605 0.262024 1946 2093
158.729 0.124542 2093 1072
158.791 0.061554 1072 1557
158.852 0.061554 1557 1741
158.914 0.062027 1741 1906
158.976 0.0615387 1906 2056
159.038 0.061554 2056 2195
159.161 0.123596 2195 1608
159.162 0.000946045 1608 1557
159.284 0.122147 1557 1741
159.346 0.0620117 1741 1906
159.408 0.061554 1906 2056
159.469 0.0615387 2056 2195
159.531 0.061554 2195 2325
159.532 0.000930786 2325 2448
159.593 0.0610809 2448 2565
159.594 0.000946045 2565 2677
159.655 0.0610657 2677 2784
159.656 0.000946045 2784 2887
159.718 0.062027 2887 2986
159.779 0.0615387 2986 3082
159.841 0.0615387 3082 3175
159.903 0.061554 3175 3265
159.964 0.0615387 3265 3352
160.027 0.0625153 3352 2680
160.027 0.000473022 2680 2144
160.087 0.0601501 2144 1656
160.088 0.000473022 1656 1557
160.088 0.000473022 1557 1072
160.089 0.000442505 1072 1557
160.273 0.184723 1557 536
160.335 0.0615387 536 1072
160.335 0 1072 1340
160.397 0.062027 1340 1554
161.397 1 1554 536
161.72 0.32309 536 1072
161.782 0.0620117 1072 1340
161.844 0.0620117 1340 1554
161.906 0.062027 1554 1738
162.031 0.124542 1738 1072
162.154 0.123108 1072 1340
162.216 0.062027 1340 1554
162.278 0.0620117 1554 1738
162.34 0.0620117 1738 1903
162.401 0.061554 1903 2053
162.463 0.0615387 2053 2192
162.524 0.061554 2192 2323
162.525 0.000946045 2323 2446
162.586 0.0610657 2446 2563
162.587 0.000946045 2563 2675
162.648 0.0610657 2675 2782
162.649 0.000946045 2782 2885
162.711 0.0620422 2885 2144
162.712 0.000473022 2144 1608
162.772 0.0601501 1608 1072
163.034 0.262009 1072 1340
163.219 0.184708 1340 536
163.28 0.0615387 536 1072
163.28 0 1072 1340
163.342 0.0620117 1340 1554
163.404 0.062027 1554 1738
163.466 0.0620117 1738 1903
163.528 0.061554 1903 2053
163.589 0.0615387 2053 2192
163.651 0.061554 2192 2323
163.652 0.000930786 2323 2446
163.713 0.0610809 2446 2563
163.714 0.000946045 2563 2675
163.775 0.0610657 2675 2782
163.776 0.000946045 2782 2885
163.838 0.062027 2885 2984
163.9 0.0615387 2984 3080
163.961 0.0615692 3080 2144
163.962 0.000473022 2144 1608
164.022 0.0601501 1608 1072
164.084 0.0624847 1072 1340
164.146 0.0620117 1340 1554
164.208 0.062027 1554 1738
164.333 0.124542 1738 1072
165.208 0.875458 1072 536
165.531 0.32309 536 1072
165.593 0.0620117 1072 1340
165.655 0.062027 1340 1554
165.717 0.0620117 1554 1738
165.779 0.0620117 1738 1903
165.841 0.061554 1903 2053
165.902 0.0615387 2053 2192
165.964 0.061554 2192 2323
166.026 0.0620117 2323 2446
166.088 0.0620117 2446 2563
166.089 0.000946045 2563 2675
166.212 0.123138 2675 1608
166.213 0.000473022 1608 1072
166.335 0.12262 1072 1340
166.397 0.0620117 1340 1554
166.459 0.0620117 1554 1738
166.521 0.062027 1738 1903
166.583 0.0615387 1903 2053
166.706 0.123138 2053 1072
166.768 0.0615387 1072 1340
166.83 0.0620117 1340 1554
166.892 0.062027 1554 1738
166.954 0.0620117 1738 1903
167.015 0.061554 1903 2053
167.077 0.0615387 2053 2192
167.138 0.061554 2192 2323
167.139 0.000930786 2323 2446
167.2 0.0610809 2446 2563
167.201 0.000946045 2563 2675
167.262 0.0610657 2675 2782
167.263 0.000946045 2782 2885
167.325 0.062027 2885 2984
167.387 0.062027 2984 2144
167.448 0.0606232 2144 1608
167.448 0.000473022 1608 1072
167.511 0.0624847 1072 1340
167.573 0.062027 1340 1554
167.635 0.0620117 1554 1738
167.697 0.062027 1738 1903
167.758 0.0615387 1903 2053
167.82 0.0615387 2053 2192
167.882 0.061554 2192 2323
167.882 0.000946045 2323 2446
167.944 0.0610657 2446 2563
167.944 0.000946045 2563 2675
168.006 0.0610809 2675 2782
168.006 0.000946045 2782 2885
168.069 0.0620117 2885 2984
168.13 0.0615387 2984 3080
168.192 0.061554 3080 3173
168.253 0.0615387 3173 3263
168.315 0.061554 3263 3351
168.377 0.0620117 3351 3436
168.378 0.000946045 3436 3519
168.44 0.0620117 3519 3600
168.501 0.0610809 3600 3679
168.503 0.00189209 3679 3757
168.563 0.0601196 3757 3833
168.627 0.0639343 3833 3216
168.627 0.000473022 3216 2680
168.628 0.000457764 2680 2144
168.686 0.0587463 2144 1608
168.687 0.000473022 1608 1072
168.75 0.0629578 1072 1340
168.812 0.0620117 1340 1554
168.874 0.062027 1554 1738
168.936 0.0620117 1738 1903
168.997 0.0615387 1903 2053
169.059 0.061554 2053 2192
169.12 0.0615387 2192 2323
169.121 0.000946045 2323 2446
169.183 0.0610809 2446 2563
169.183 0.000946045 2563 2675
169.245 0.0610657 2675 2782
169.245 0.000946045 2782 2885
169.307 0.0620117 2885 2984
169.369 0.061554 2984 3080
169.492 0.122635 3080 2144
169.493 0.000961304 2144 1608
169.493 0.000473022 1608 1072
169.615 0.121674 1072 1340
169.677 0.062027 1340 1554
169.739 0.0620117 1554 1738
169.801 0.0620117 1738 1903
169.862 0.061554 1903 2053
169.924 0.0615387 2053 2192
169.985 0.061554 2192 2323
169.986 0.000946045 2323 2446
170.047 0.0610657 2446 2563
170.048 0.000946045 2563 2675
170.11 0.0620117 2675 2782
170.172 0.062027 2782 2885
170.296 0.123596 2885 1608
170.297 0.000473022 1608 1072
170.419 0.12262 1072 1340
170.481 0.0620117 1340 1554
170.543 0.062027 1554 1738
170.605 0.0620117 1738 1903
170.667 0.061554 1903 2053
170.728 0.0615387 2053 2192
170.79 0.0615387 2192 2323
170.791 0.000946045 2323 2446
170.852 0.0610809 2446 2563
170.853 0.000946045 2563 2675
170.914 0.0610657 2675 2782
170.915 0.000946045 2782 2885
170.977 0.062027 2885 2984
171.038 0.0615387 2984 3080
171.1 0.0615387 3080 3173
171.161 0.061554 3173 3263
171.223 0.0615387 3263 3351
171.284 0.0610809 3351 3436
171.286 0.00189209 3436 3519
171.347 0.0610657 3519 3600
171.408 0.0610809 3600 3679
171.41 0.00187683 3679 3757
171.471 0.0610809 3757 3833
171.533 0.0615387 3833 4288
171.594 0.061554 4288 4355
171.596 0.00187683 4355 4420
171.658 0.062027 4420 4824
171.719 0.0610657 4824 5360
171.781 0.061554 5360 5896
171.784 0.00285339 5896 5360
171.842 0.0582581 5360 4969
171.842 0.000473022 4969 4422
171.843 0.000473022 4422 3752
171.846 0.0032959 3752 4422
171.966 0.119797 4422 4824
172.029 0.0634613 4824 4288
172.152 0.123093 4288 4824
172.214 0.0620422 4824 4288
172.277 0.0625 4288 3752
172.339 0.0615692 3752 4288
172.4 0.0610962 4288 4355
172.402 0.00189209 4355 4420
172.464 0.0620117 4420 4824
172.525 0.0610809 4824 5360
172.586 0.0615387 5360 5896
172.65 0.0639191 5896 5360
172.651 0.000473022 5360 4969
172.651 0.000473022 4969 4422
172.651 0.000473022 4422 4288
172.712 0.0601349 4288 4422
172.834 0.122635 4422 4824
172.894 0.0601349 4824 4288
173.019 0.125015 4288 3752
173.082 0.0624847 3752 3216
173.143 0.0615692 3216 3752
173.206 0.0620575 3752 3216
173.33 0.124969 3216 3752
173.39 0.0596771 3752 3828
173.452 0.061554 3828 4288
173.578 0.126373 4288 4824
173.638 0.0601501 4824 5360
173.7 0.0615387 5360 5896
173.888 0.187973 5896 4824
173.888 0.000473022 4824 4422
173.946 0.0582275 4422 4288
173.95 0.00332642 4288 4422
174.07 0.119766 4422 4824
174.131 0.0615692 4824 4288
174.254 0.123093 4288 4824
174.316 0.0620422 4824 4288
174.439 0.123108 4288 4824
174.444 0.00476074 4824 5360
174.507 0.0625 5360 4824
174.563 0.0563202 4824 4288
174.63 0.0667877 4288 4824
174.691 0.0610809 4824 5360
174.752 0.0615387 5360 5896
174.813 0.0610657 5896 6432
174.875 0.0615387 6432 6968
174.938 0.0634613 6968 6432
174.939 0.000457764 6432 6057
174.939 0.000473022 6057 5870
174.94 0.000473022 5870 5226
174.941 0.000946045 5226 4824
175 0.0596771 4824 5226
175.002 0.00189209 5226 4824
175.003 0.000473022 4824 4288
175.064 0.0615387 4288 5226
175.12 0.0558472 5226 4288
175.182 0.0615387 4288 4690
175.243 0.0615692 4690 4824
175.249 0.00619507 4824 4288
175.373 0.123108 4288 4824
175.432 0.0592346 4824 5360
175.436 0.00375366 5360 4824
175.436 0.000473022 4824 4288
175.559 0.122635 4288 4824
175.62 0.0610657 4824 5360
175.682 0.0620575 5360 4824
175.683 0.000946045 4824 4288
175.861 0.178452 4288 3752
175.931 0.0696564 3752 4288
175.992 0.061554 4288 4355
176.051 0.0587311 4355 4420
176.056 0.00517273 4420 4484
176.116 0.0601196 4484 4548
176.175 0.0587463 4548 4824
176.181 0.00610352 4824 5360
176.243 0.061554 5360 5896
176.304 0.0610657 5896 6432
176.365 0.061554 6432 6968
176.487 0.121674 6968 7504
176.616 0.128754 7504 8040
176.676 0.0601501 8040 7504
176.677 0.000473022 7504 7142
176.677 0.000473022 7142 6961
176.677 0.000473022 6961 6030
176.678 0.000473022 6030 5896
176.738 0.0596466 5896 6030
176.799 0.0610962 6030 6432
176.86 0.061554 6432 6968
176.921 0.0605927 6968 6432
176.922 0.000961304 6432 6030
176.922 0.000473022 6030 5896
176.982 0.0601349 5896 6030
176.984 0.00190735 6030 5360
177.046 0.0615387 5360 6030
177.108 0.0620422 6030 5360
177.169 0.061554 5360 5494
177.17 0.000488281 5494 5360
177.172 0.00186157 5360 4824
177.233 0.061554 4824 5494
177.293 0.0592194 5494 4824
177.354 0.0615387 4824 4958
177.976 0.621597 4958 4288
178.038 0.0620117 4288 4422
178.16 0.12265 4422 4824
178.221 0.0605774 4824 5360
178.282 0.0615387 5360 5896
178.405 0.12262 5896 6432
178.47 0.0644073 6432 5896
178.47 0.000473022 5896 5514
178.47 0.000473022 5514 4824
178.84 0.369308 4824 4288
179.024 0.184647 4288 4824
179.084 0.0596313 4824 5360
179.146 0.0615387 5360 5896
179.27 0.124069 5896 5360
179.27 0.000473022 5360 4920
179.271 0.000473022 4920 4422
179.272 0.000991821 4422 4288
179.331 0.0591583 4288 4422
179.331 0.000473022 4422 4288
179.332 0.000930786 4288 4422
179.394 0.061554 4422 4824
179.455 0.0610809 4824 5360
179.516 0.0615387 5360 5896
179.519 0.00289917 5896 5360
179.578 0.0586853 5360 4422
179.578 0.000473022 4422 4288
179.581 0.00285339 4288 3752
179.582 0.000457764 3752 4422
179.64 0.0587311 4422 4288
179.643 0.00236511 4288 4422
179.705 0.0625 4422 3752
179.766 0.0611267 3752 3216
179.767 0.000457764 3216 3752
179.828 0.0610962 3752 3886
179.889 0.0610962 3886 4288
180.015 0.125443 4288 4824
180.076 0.0610809 4824 5360
180.137 0.0615387 5360 5896
180.26 0.12262 5896 6432
180.387 0.12735 6432 6968
180.448 0.0610657 6968 7504
180.51 0.0615387 7504 8040
180.633 0.123566 8040 8576
180.818 0.184647 8576 9112
180.876 0.0577087 9112 9648
180.937 0.0615387 9648 10184
180.944 0.00715637 10184 9648
180.945 0.000473022 9648 9304
180.945 0.000473022 9304 9132
180.946 0.000473022 9132 8959
180.946 0.000473022 8959 8787
180.947 0.000473022 8787 8615
180.947 0.000473022 8615 8442
180.948 0.000473022 8442 7638
180.999 0.0511017 7638 7504
181.006 0.00761414 7504 7638
181.068 0.061554 7638 8040
181.129 0.0610809 8040 8576
181.191 0.0615387 8576 9112
181.252 0.0615692 9112 8576
181.253 0.000473022 8576 8308
181.253 0.000473022 8308 7638
181.254 0.000473022 7638 7504
181.313 0.0596771 7504 6968
181.314 0.000473022 6968 7638
181.315 0.00141907 7638 7504
181.375 0.0596466 7504 7638
181.433 0.058197 7638 6968
181.495 0.062027 6968 7102
