Waf: Entering directory `/home/anon/tarball/ns-allinone-3.35/ns-3.35/build'
Waf: Leaving directory `/home/anon/tarball/ns-allinone-3.35/ns-3.35/build'
Build commands will be stored in build/compile_commands.json
'build' finished successfully (0.628s)
0.0602784 0.0602784 0 5360
0.121867 0.0615888 5360 5896
0.122811 0.000943996 5896 6432
0.123755 0.000944003 6432 6968
0.125643 0.00188799 6968 7504
0.183413 0.0577696 7504 8040
0.184357 0.000943989 8040 8576
0.185301 0.000944003 8576 9112
0.186245 0.000944003 9112 9648
0.187189 0.000944003 9648 10184
0.188133 0.000943989 10184 10720
0.189077 0.000944003 10720 10184
0.310771 0.121694 10184 9648
0.369032 0.0582608 9648 9112
0.37092 0.00188801 9112 9648
0.434392 0.063472 9648 9112
0.556578 0.122186 9112 8576
0.560354 0.00377595 8576 8040
0.61531 0.0549568 8040 7504
0.618162 0.00285125 7504 8040
0.621918 0.00375676 8040 8576
0.684918 0.063 8576 8040
0.802837 0.117918 8040 7504
0.867706 0.0648688 7504 6968
0.931178 0.063472 6968 6432
1.05429 0.12311 6432 6968
1.11536 0.0610735 6968 7504
1.17785 0.0624896 7504 8040
1.29856 0.120712 8040 8576
1.4212 0.122638 8576 8040
1.42167 0.000472069 8040 7683
1.42215 0.00047195 7683 7504
1.42262 0.00047195 7504 7326
1.42309 0.000472069 7326 6432
1.54431 0.121222 6432 6968
1.66693 0.122619 6968 7504
1.79051 0.123582 7504 6968
1.79099 0.00047195 6968 6432
1.7981 0.00711846 6432 5896
1.79858 0.00047195 5896 5360
1.8521 0.0535216 5360 6432
1.92076 0.068664 6432 6968
1.97712 0.0563536 6968 6432
2.10023 0.123111 6432 6968
2.22284 0.122619 6968 7504
2.35396 0.131115 7504 8040
2.41315 0.0591855 8040 8576
2.41694 0.00379515 8576 8040
2.41741 0.000472069 8040 7683
2.46999 0.0525777 7683 7504
2.47046 0.00047183 7504 7326
2.47188 0.00141597 7326 6432
2.47426 0.00237942 6432 5896
2.47851 0.0042479 5896 6432
2.59737 0.118862 6432 6968
2.65844 0.0610735 6968 7504
2.71999 0.0615456 7504 8040
2.84023 0.12024 8040 8576
2.91076 0.0705328 8576 9112
2.96855 0.0577888 9112 8576
2.96902 0.000472069 8576 8224
2.96949 0.000472069 8224 8048
2.96996 0.00047183 8048 7871
2.97044 0.000472069 7871 7695
2.97138 0.000943899 7695 7519
2.97232 0.000944138 7519 6834
2.97329 0.000963211 6834 6432
3.02679 0.0535023 6432 5896
3.03011 0.00332332 5896 6834
3.03106 0.000943899 6834 6432
3.08834 0.0572784 6432 6834
3.09357 0.00523043 6834 5896
3.15086 0.0572975 5896 5360
3.15513 0.00426722 5360 5896
3.21241 0.0572784 5896 6298
3.27305 0.0606401 6298 6432
3.3346 0.0615456 6432 6968
3.40273 0.0681343 6968 7504
3.52399 0.121261 7504 6968
3.5249 0.000905514 6968 6684
3.52537 0.000472069 6684 6298
3.52631 0.000944138 6298 5896
3.58554 0.0592239 5896 6298
3.64663 0.0610929 6298 6432
3.70817 0.0615456 6432 6968
3.82981 0.121637 6968 7504
3.83642 0.00660801 7504 6968
3.89043 0.0540128 6968 6684
3.8909 0.000472069 6684 6298
3.89138 0.000472069 6298 5896
3.89844 0.00706077 5896 6298
3.95953 0.0610929 6298 6432
4.02204 0.0625088 6432 5896
4.07892 0.0568833 5896 5360
4.0836 0.00468159 5360 5896
4.2053 0.121694 5896 5360
4.38765 0.182353 5360 5896
4.44723 0.0595808 5896 6432
4.45435 0.0071187 6432 5896
4.45482 0.000472069 5896 5360
4.57746 0.122638 5360 5896
4.63482 0.0573554 5896 5360
4.69965 0.0648303 5360 4824
4.76214 0.0624895 4824 5360
4.82179 0.0596576 5360 5896
4.88149 0.0596962 5896 6432
4.944 0.0625086 6432 5896
4.94538 0.00137758 5896 5360
5.06711 0.121733 5360 5896
5.12818 0.0610738 5896 6432
5.18973 0.0615454 6432 6968
5.25782 0.0680962 6968 7504
5.31844 0.0606208 7504 6968
5.31892 0.000472069 6968 6600
5.31939 0.000472069 6600 6416
5.31986 0.000472069 6416 5628
5.32033 0.000472069 5628 5360
5.37999 0.0596576 5360 5628
5.50456 0.124565 5628 4824
5.56048 0.0559201 4824 4288
5.56612 0.0056448 4288 4824
5.62202 0.0559006 4824 5092
5.68311 0.0610929 5092 5360
5.75125 0.0681343 5360 4824
5.9303 0.179049 4824 4288
5.93124 0.000944138 4288 3752
5.99186 0.0606208 3752 4288
6.05532 0.0634527 4288 3752
6.17843 0.123111 3752 4288
6.3062 0.127773 4288 4824
6.36873 0.0625277 4824 4288
6.42465 0.0559201 4288 3752
6.42512 0.000472069 3752 3216
6.43031 0.0051918 3216 3752
6.48716 0.0568452 3752 3216
6.5487 0.0615454 3216 3752
6.61027 0.0615649 3752 4288
6.67181 0.0615454 4288 4824
6.79632 0.124507 4824 4883
6.8593 0.0629807 4883 4288
6.85977 0.000472069 4288 3752
7.2314 0.371634 3752 3216
7.41516 0.183751 3216 3305
7.47574 0.0605822 3305 3391
7.47855 0.00281286 3391 3475
7.53919 0.0606399 3475 3557
7.59977 0.0605826 3557 3637
7.66277 0.0629997 3637 2680
7.72432 0.0615458 2680 3101
7.78539 0.0610733 3101 3193
7.84694 0.0615458 3193 3282
7.90848 0.0615454 3282 3369
7.96956 0.0610738 3369 3454
7.97144 0.0018878 3454 3537
8.03252 0.0610738 3537 3618
8.09359 0.0610733 3618 3697
8.09548 0.00188828 3697 3774
8.15655 0.0610733 3774 3850
8.2181 0.0615463 3850 4288
8.34072 0.122619 4288 4355
8.34449 0.00377655 4355 4824
8.40557 0.0610733 4824 5360
8.46711 0.0615454 5360 5896
8.58879 0.121675 5896 6432
8.65458 0.065793 6432 6968
8.71379 0.0592051 6968 6432
8.71426 0.000472069 6432 6057
8.71473 0.000472069 6057 5870
8.7152 0.000472069 5870 5226
8.71568 0.000472069 5226 4824
8.77582 0.0601482 4824 5226
8.77771 0.00188828 5226 4288
8.83926 0.0615454 4288 5226
8.9008 0.0615463 5226 5360
8.96235 0.0615454 5360 5896
9.08359 0.121242 5896 6432
9.20764 0.124054 6432 5360
9.20812 0.000472069 5360 5226
9.20949 0.00137806 5226 4824
9.26921 0.0597153 4824 5226
9.33076 0.0615454 5226 5360
9.45481 0.124054 5360 4824
9.51545 0.0606403 4824 4288
9.51685 0.00139713 4288 4824
9.58166 0.0648108 4824 5360
9.6432 0.0615454 5360 5896
9.70571 0.0625095 5896 5360
9.70618 0.000472069 5360 4824
9.9524 0.246221 4824 4288
10.1375 0.185128 4288 4824
10.1986 0.0610733 4824 5360
10.2606 0.0620365 5360 4824
10.2611 0.000472069 4824 4288
10.3838 0.122639 4288 4824
10.443 0.0592051 4824 5360
10.5045 0.0615644 5360 4824
10.505 0.000472069 4824 4288
10.5713 0.0662651 4288 3752
10.6324 0.0610933 3752 3216
10.6328 0.000472069 3216 3752
10.755 0.122166 3752 4288
10.8795 0.124527 4288 3752
11.0022 0.122639 3752 4288
11.0637 0.0615454 4288 4824
11.183 0.119296 4824 5360
11.3733 0.19032 5360 5896
11.4311 0.0577698 5896 5360
11.4316 0.000471115 5360 4969
11.4349 0.00332355 4969 4422
11.4354 0.000472069 4422 4288
11.4931 0.0577507 4288 4422
11.5594 0.0663033 4422 3752
11.621 0.0615463 3752 3886
11.682 0.0610924 3886 4288
11.7436 0.0615454 4288 4824
11.8629 0.119315 4824 4288
11.8672 0.00426769 4288 3886
11.8676 0.000472069 3886 3752
11.9245 0.0568066 3752 3886
11.9316 0.0071373 3886 3216
11.9931 0.0615454 3216 3350
12.0547 0.0615654 3350 3752
12.1172 0.0625086 3752 3216
12.1788 0.0615835 3216 2680
12.1792 0.000452995 2680 3216
12.3028 0.123602 3216 3752
12.3639 0.0610733 3752 3828
12.4255 0.0615454 3828 4288
12.487 0.0615463 4288 4824
12.5519 0.0648489 4824 5360
12.613 0.0610933 5360 4288
12.6134 0.000472069 4288 4020
12.6139 0.000472069 4020 3752
12.6745 0.0606203 3752 4020
13.0429 0.368349 4020 3216
13.1044 0.0615454 3216 3484
13.227 0.12262 3484 3566
13.2891 0.0620174 3566 3646
13.29 0.000944138 3646 3724
13.352 0.0620174 3724 3801
13.4131 0.0610733 3801 3876
13.4751 0.0620365 3876 3216
13.5376 0.0624905 3216 3340
13.5992 0.0615454 3340 3426
13.6011 0.00192642 3426 2680
13.6626 0.0615454 2680 2890
13.7237 0.0610924 2890 2989
13.7853 0.0615463 2989 3085
13.8468 0.0615454 3085 3178
13.9084 0.0615454 3178 3268
13.9699 0.0615454 3268 3355
13.9718 0.00188828 3355 3440
14.0329 0.0610733 3440 3523
14.0939 0.0610743 3523 3604
14.156 0.0620365 3604 2680
14.2175 0.0615454 2680 2890
14.2786 0.0610933 2890 2989
14.3402 0.0615454 2989 3085
14.4017 0.0615454 3085 3178
14.4633 0.0615454 3178 3268
14.5248 0.0615463 3268 3355
14.5267 0.00188732 3355 3440
14.5878 0.0610743 3440 3523
14.6493 0.0615644 3523 2680
14.7113 0.0620174 2680 2890
14.7724 0.0610933 2890 2989
14.8951 0.122638 2989 2144
14.9566 0.0615463 2144 2453
15.0182 0.0615644 2453 2570
15.0201 0.00188828 2570 2681
15.0802 0.0601292 2681 2788
15.1417 0.0615454 2788 2891
15.2038 0.0620375 2891 2680
15.2057 0.00190735 2680 2355
15.2062 0.000471115 2355 2144
15.2649 0.0586948 2144 2355
15.3264 0.0615454 2355 2476
15.3278 0.00141621 2476 2592
15.3884 0.0606012 2592 2702
15.3898 0.00141621 2702 2808
15.4514 0.0615454 2808 2910
15.5129 0.0615463 2910 3008
15.5745 0.0615454 3008 3103
15.6365 0.0620365 3103 2144
15.6985 0.0620174 2144 2355
15.7601 0.0615654 2355 2476
15.8212 0.0610733 2476 2592
15.8221 0.000944138 2592 2702
15.8832 0.0610733 2702 2808
15.9447 0.0615454 2808 2910
16.0063 0.0615463 2910 3008
16.0678 0.0615444 3008 3103
16.1294 0.0615463 3103 3195
16.1909 0.0615463 3195 3284
16.2525 0.0615444 3284 3371
16.2543 0.00188828 3371 3456
16.3145 0.0601292 3456 3539
16.3173 0.00283241 3539 3620
16.3784 0.0610733 3620 3699
16.4404 0.0620384 3699 2680
16.4409 0.000471115 2680 2355
16.4414 0.000471115 2355 2144
16.502 0.0606022 2144 2355
16.5635 0.0615654 2355 2476
16.6237 0.0601292 2476 2592
16.6255 0.00188828 2592 2702
16.7491 0.123602 2702 2680
16.7496 0.000471115 2680 2166
16.7501 0.000473022 2166 2144
16.7505 0.000452042 2144 2166
16.8121 0.0615654 2166 2298
16.8727 0.0606003 2298 2423
16.8741 0.00141716 2423 2541
16.9347 0.0606022 2541 2654
17.0579 0.123129 2654 1072
17.1194 0.0615654 1072 1608
18.1194 1 1608 536
18.181 0.0615444 536 1072
18.181 0 1072 1340
18.243 0.0620174 1340 1554
18.305 0.0620174 1554 1738
18.367 0.0620174 1738 1903
18.4286 0.0615463 1903 2053
18.4901 0.0615463 2053 2192
18.5517 0.0615444 2192 2323
18.5526 0.000944138 2323 2446
18.6137 0.0610733 2446 2563
18.6146 0.000944138 2563 2675
18.6757 0.0610733 2675 2782
18.7377 0.0620384 2782 2144
18.7382 0.000471115 2144 1608
18.7387 0.000473022 1608 1072
18.8608 0.122166 1072 1340
18.9229 0.0620174 1340 1554
18.9849 0.0620174 1554 1738
19.0469 0.0620174 1738 1903
19.1084 0.0615463 1903 2053
19.17 0.0615444 2053 2192
19.2315 0.0615463 2192 2323
19.2325 0.000944138 2323 2446
19.2935 0.0610733 2446 2563
19.2945 0.000944138 2563 2675
19.3556 0.0610733 2675 2782
19.3565 0.000944138 2782 2885
19.4185 0.0620174 2885 2984
19.5407 0.122149 2984 3080
19.6022 0.0615444 3080 3173
19.6638 0.0615463 3173 3263
19.7253 0.0615444 3263 3351
19.7272 0.00188828 3351 3436
19.7883 0.0610733 3436 3519
19.8493 0.0610752 3519 3600
19.8512 0.00188637 3600 3679
19.9128 0.0615654 3679 2680
19.9133 0.000473022 2680 2144
19.9734 0.0601482 2144 1608
19.9739 0.000471115 1608 1072
20.8512 0.877342 1072 536
21.1743 0.323092 536 1072
21.2363 0.0620174 1072 1340
21.2984 0.0620174 1340 1554
21.3604 0.0620174 1554 1738
21.4224 0.0620193 1738 1903
21.4839 0.0615444 1903 2053
21.5455 0.0615463 2053 2192
21.607 0.0615444 2192 2323
21.608 0.000944138 2323 2446
21.6691 0.0610752 2446 2563
21.67 0.00094223 2563 2675
21.7311 0.0610752 2675 2782
21.732 0.000944138 2782 2885
21.794 0.0620174 2885 2984
21.8556 0.0615444 2984 3080
21.9171 0.0615463 3080 3173
21.9787 0.0615444 3173 3263
22.0412 0.0624905 3263 3351
22.1013 0.0601292 3351 3436
22.1041 0.00283241 3436 3519
22.1652 0.0610733 3519 3600
22.1661 0.000944138 3600 3679
22.2282 0.0620174 3679 3757
22.2892 0.0610733 3757 3833
22.3508 0.0615463 3833 4288
22.5373 0.186525 4288 4824
22.5989 0.0615635 4824 4288
22.5993 0.000473022 4288 3874
22.5998 0.000471115 3874 3618
22.6003 0.000473022 3618 3216
22.6609 0.0606003 3216 3618
22.7224 0.0615654 3618 3752
22.7835 0.0610733 3752 3828
22.8451 0.0615463 3828 4288
23.0321 0.187016 4288 3752
23.033 0.000944138 3752 3618
23.0335 0.000473022 3618 3216
23.0941 0.0606003 3216 3618
23.1557 0.0615654 3618 3752
23.2167 0.0610733 3752 3828
23.2783 0.0615463 3828 4288
23.4037 0.12545 4288 4824
23.4648 0.0610733 4824 5360
23.5264 0.0615463 5360 5896
23.649 0.12262 5896 6432
23.7763 0.127338 6432 6968
23.8374 0.0610733 6968 7504
23.8989 0.0615463 7504 8040
24.0211 0.122166 8040 6968
24.0216 0.000473022 6968 6606
24.022 0.000471115 6606 6030
24.0225 0.000473022 6030 5896
24.0827 0.0601482 5896 6030
24.1442 0.0615463 6030 6432
24.2058 0.0615444 6432 6968
24.3298 0.124056 6968 6432
24.3303 0.000471115 6432 6030
24.3308 0.000471115 6030 5896
24.3914 0.0606022 5896 6030
24.4524 0.0610924 6030 6432
24.5168 0.0643597 6432 5896
24.8838 0.36697 5896 5360
25.075 0.191208 5360 5896
25.1361 0.0610733 5896 6432
25.1976 0.0615444 6432 6968
25.2564 0.0587902 6968 5896
25.2569 0.000473022 5896 5360
25.2592 0.00234032 5360 4824
25.318 0.0587711 4824 5360
25.3823 0.0643196 5360 5896
25.442 0.0597153 5896 6432
25.5036 0.0615463 6432 6968
25.5717 0.0680962 6968 7504
25.6952 0.123564 7504 8040
25.7563 0.0610733 8040 8576
25.8178 0.0615444 8576 9112
25.9405 0.12262 9112 9648
26.1218 0.181391 9648 10184
26.1326 0.0107975 10184 10720
26.1942 0.0615463 10720 11256
26.2553 0.0610733 11256 11792
26.3168 0.0615463 11792 12328
26.3793 0.0625076 12328 11792
26.3798 0.000473022 11792 11460
26.3803 0.000471115 11460 11294
26.3807 0.000473022 11294 11128
26.3812 0.000471115 11128 10962
26.3817 0.000473022 10962 10796
26.3821 0.000471115 10796 10629
26.431 0.0488586 10629 10463
26.4315 0.000473022 10463 10297
26.4328 0.00135803 10297 10131
26.4333 0.000473022 10131 9246
26.4347 0.00141525 9246 9112
26.4413 0.00660706 9112 9246
26.5024 0.0610943 9246 9648
26.5616 0.0592041 9648 9112
26.5631 0.00143623 9112 8576
26.6232 0.0601482 8576 9112
26.6237 0.000471115 9112 8576
26.6246 0.000944138 8576 9112
26.6876 0.0629807 9112 8576
26.8004 0.112766 8576 8040
26.8657 0.0652828 8040 7504
26.9272 0.0615444 7504 8040
27.0503 0.123093 8040 8576
27.1829 0.132568 8576 9112
27.2439 0.0610733 9112 9648
27.3055 0.0615463 9648 10184
27.3604 0.0549183 10184 9648
27.3614 0.000982285 9648 9342
27.3619 0.000473022 9342 9189
27.3642 0.00235939 9189 9036
27.3647 0.000471115 9036 8040
27.4887 0.124056 8040 7504
27.6114 0.122658 7504 6968
27.6171 0.00566292 6968 6432
27.673 0.0559006 6432 6968
27.7373 0.0643787 6968 6432
27.922 0.184675 6432 6968
27.9831 0.0610733 6968 7504
28.0446 0.0615444 7504 8040
28.048 0.00332451 8040 7504
28.0489 0.000963211 7504 7189
28.0494 0.000471115 7189 6432
28.1005 0.0511417 6432 5896
28.1621 0.0615845 5896 6432
28.1678 0.0056839 6432 5896
28.2242 0.0563927 5896 5360
28.2294 0.0051918 5360 5896
28.2858 0.0563717 5896 6432
28.415 0.129286 6432 5896
28.4766 0.0615635 5896 6432
28.8465 0.3699 6432 5896
28.9081 0.0615654 5896 6432
28.91 0.0019455 6432 5896
28.9716 0.0615654 5896 6432
29.0456 0.0739937 6432 536
29.3687 0.323092 536 1072
29.4307 0.0620174 1072 1608
29.4927 0.0620174 1608 2144
29.5543 0.0615463 2144 2680
29.5552 0.000944138 2680 3216
29.6163 0.0610733 3216 3752
29.6172 0.000944138 3752 4288
29.6182 0.000944138 4288 4824
29.6783 0.0601292 4824 5360
29.6792 0.000944138 5360 4824
29.7413 0.0620365 4824 4288
29.8057 0.0644169 4288 3752
29.9283 0.122639 3752 4288
30.0509 0.12258 4288 4824
30.1115 0.0606022 4824 5360
30.1731 0.0615463 5360 5896
30.2388 0.0657921 5896 6432
30.2999 0.0610943 6432 5896
30.3004 0.000471115 5896 5514
30.3009 0.000471115 5514 4824
31.2231 0.92226 4824 4288
31.3472 0.124035 4288 4824
31.4083 0.0610733 4824 5360
31.4698 0.0615463 5360 5896
31.5924 0.12262 5896 6432
31.6568 0.0643959 6432 5896
31.6573 0.000473022 5896 5514
31.7155 0.05826 5514 4824
31.7165 0.000944138 4824 4288
31.7193 0.00281334 4288 4824
31.8391 0.119825 4824 5360
31.9636 0.124506 5360 5413
31.9665 0.00283241 5413 5896
32.0285 0.0620174 5896 6432
32.0877 0.0592041 6432 5360
32.0882 0.000473022 5360 4824
32.2108 0.122639 4824 5360
32.2155 0.00471878 5360 4824
32.3974 0.181862 4824 4288
32.5191 0.121696 4288 4824
32.5238 0.00473785 4824 5360
32.5854 0.0615463 5360 5896
32.645 0.059639 5896 6432
32.7065 0.0615463 6432 6968
32.7099 0.00334167 6968 6432
32.7104 0.000473022 6432 6057
32.7662 0.0558624 6057 5870
32.7667 0.000469208 5870 5226
32.7672 0.000473022 5226 4824
32.7719 0.00473785 4824 5226
32.8335 0.0615654 5226 5360
32.9561 0.12262 5360 5896
33.0148 0.0586777 5896 6432
33.0763 0.0615425 6432 6968
33.1417 0.0653801 6968 6432
33.1422 0.000473022 6432 6057
33.1426 0.000473022 6057 5870
33.1431 0.000469208 5870 5226
33.1436 0.000473022 5226 4824
33.2032 0.0596581 4824 5226
33.3244 0.121204 5226 4288
33.3851 0.0606194 4288 4690
33.3855 0.000473022 4690 4288
33.386 0.000450134 4288 4690
33.4475 0.0615654 4690 4824
33.4533 0.00570297 4824 4883
33.5148 0.0615463 4883 5360
33.5768 0.0620346 5360 4824
33.5773 0.000473022 4824 4690
33.6327 0.0553703 4690 4288
33.6947 0.0620193 4288 4690
33.7562 0.0615463 4690 4824
33.823 0.0667953 4824 5360
33.8812 0.0582008 5360 4824
33.8817 0.000473022 4824 4690
33.8822 0.000473022 4690 4288
33.9424 0.0601692 4288 3752
33.9433 0.000923157 3752 4690
33.9437 0.000473022 4690 4288
34.0039 0.0601463 4288 4690
34.0707 0.0667953 4690 4824
34.1298 0.0591278 4824 5360
34.1914 0.0615463 5360 5896
34.314 0.12262 5896 6432
34.5024 0.188412 6432 6968
34.5635 0.0610733 6968 7504
34.625 0.0615463 7504 8040
34.7476 0.12262 8040 8576
34.7519 0.00426865 8576 8040
34.7524 0.000469208 8040 7683
34.7528 0.000473022 7683 7504
34.8083 0.0554085 7504 7326
34.8087 0.000473022 7326 6432
34.8135 0.00476074 6432 5896
34.8139 0.000450134 5896 6432
34.9977 0.183731 6432 6968
35.0578 0.060112 6968 6432
35.1799 0.122166 6432 6968
35.1828 0.00287247 6968 6432
35.1852 0.00237656 6432 5896
35.2448 0.0596199 5896 6432
35.3703 0.125469 6432 6968
35.4314 0.0610733 6968 7504
35.4929 0.0615463 7504 8040
35.5526 0.0596771 8040 7504
35.5531 0.000473022 7504 7189
35.5535 0.000473022 7189 6432
35.5559 0.00237656 6432 5896
35.6175 0.0615845 5896 6432
35.6184 0.000946045 6432 5896
35.6809 0.0625076 5896 6432
36.1129 0.431934 6432 5896
36.1744 0.0615654 5896 6432
36.4948 0.320351 6432 536
36.8179 0.323093 536 1072
36.8799 0.0620155 1072 1608
36.9419 0.0620193 1608 2144
37.0035 0.0615425 2144 2680
37.0044 0.000946045 2680 3216
37.0655 0.0610733 3216 3752
37.0674 0.00188828 3752 4288
37.1294 0.0620384 4288 3752
37.5011 0.371651 3752 3216
37.6857 0.184658 3216 3305
37.7454 0.0596542 3305 3391
37.7487 0.00332642 3391 2680
37.8098 0.0611115 2680 2144
37.8103 0.000450134 2144 2680
37.8714 0.0610962 2680 2855
37.9324 0.0610924 2855 2955
37.994 0.0615425 2955 3052
38.0555 0.0615463 3052 3146
38.1171 0.0615463 3146 3237
38.1786 0.0615463 3237 3325
38.1805 0.00188828 3325 3411
38.2416 0.0610733 3411 3495
38.3041 0.0625076 3495 2680
38.3661 0.0620384 2680 2855
38.3666 0.000473022 2855 2144
38.4282 0.0615616 2144 2855
38.4902 0.0620384 2855 2955
38.5518 0.0615463 2955 3052
38.6133 0.0615463 3052 3146
38.6748 0.0615425 3146 3237
38.7364 0.0615463 3237 3325
38.798 0.0615654 3325 2680
38.86 0.0620193 2680 2789
38.9216 0.0615807 2789 2144
38.9831 0.0615463 2144 2253
39.0447 0.0615463 2253 2380
39.1053 0.0606194 2380 2500
39.1067 0.00139999 2500 2614
39.1673 0.0606194 2614 2723
39.1687 0.00139618 2723 2828
39.2303 0.0615845 2828 2144
39.2918 0.0615463 2144 2253
39.3534 0.0615654 2253 2380
39.4145 0.0610733 2380 2500
39.4154 0.00094223 2500 2614
39.4765 0.0610733 2614 2723
39.4774 0.000946045 2723 2828
39.5394 0.0620155 2828 2929
39.601 0.0615463 2929 3027
39.6625 0.0615463 3027 3121
39.7241 0.0615463 3121 3213
39.7856 0.0615463 3213 3302
39.8472 0.0615425 3302 3389
39.849 0.00188828 3389 3473
39.9101 0.0610733 3473 3555
39.9712 0.0610733 3555 3635
39.9731 0.00188828 3635 3714
40.0342 0.0610733 3714 3791
40.0952 0.0610733 3791 3866
40.1568 0.0615463 3866 4288
40.2827 0.125942 4288 3752
40.2832 0.000473022 3752 3216
40.4049 0.121716 3216 2680
40.4665 0.0615425 2680 3216
40.5271 0.0606041 3216 3305
40.59 0.0629807 3305 2144
40.6516 0.0615654 2144 2680
40.6521 0.000450134 2680 2769
40.7136 0.0615654 2769 2872
40.7752 0.0615463 2872 2972
40.8367 0.0615463 2972 3068
40.8983 0.0615463 3068 3161
40.9598 0.0615425 3161 3251
41.0213 0.0615463 3251 3339
41.0819 0.0606041 3339 3425
41.0843 0.00235748 3425 3508
41.1454 0.0610733 3508 3589
41.206 0.0606232 3589 2680
41.2675 0.0615425 2680 2769
41.3286 0.0610962 2769 2872
41.3902 0.0615425 2872 2972
41.4522 0.0620384 2972 2144
42.1939 0.74165 2144 1608
42.2554 0.0615616 1608 2144
42.3902 0.13475 2144 536
42.7133 0.323093 536 1072
42.7753 0.0620155 1072 1608
42.7753 0 1608 1786
42.8373 0.0620193 1786 1946
42.9614 0.124073 1946 1072
43.0229 0.0615463 1072 1410
43.0845 0.0615654 1410 1613
43.1465 0.0620155 1613 1791
43.2081 0.0615463 1791 1951
43.2696 0.0615463 1951 2098
43.3311 0.0615463 2098 2234
43.3927 0.0615425 2234 2362
43.3936 0.000946045 2362 2483
43.4547 0.0610733 2483 2598
43.4557 0.00094223 2598 2708
43.5167 0.0610771 2708 2814
43.5783 0.0615425 2814 2916
43.6403 0.0620384 2916 2144
43.6413 0.000961304 2144 1608
43.6417 0.000473022 1608 1410
43.7014 0.0596581 1410 1072
43.7019 0.000453949 1072 1410
43.7634 0.0615654 1410 1613
43.8254 0.0620155 1613 1791
43.887 0.0615463 1791 1951
43.9485 0.0615463 1951 2098
44.0101 0.0615463 2098 2234
44.0716 0.0615425 2234 2362
44.0726 0.000946045 2362 2483
44.1336 0.0610733 2483 2598
44.1346 0.00094223 2598 2708
44.1957 0.0610733 2708 2814
44.2572 0.0615463 2814 2916
44.3187 0.0615463 2916 3014
44.3803 0.0615463 3014 3109
44.4418 0.0615463 3109 3201
44.5034 0.0615463 3201 3290
44.5649 0.0615425 3290 3377
44.5668 0.00188828 3377 3462
44.6279 0.0610733 3462 3544
44.689 0.0610733 3544 3625
44.6909 0.00188828 3625 3704
44.7519 0.0610733 3704 3781
44.813 0.0610733 3781 3856
44.8745 0.0615463 3856 4288
44.9995 0.125 4288 3752
45 0.000473022 3752 3216
45.1245 0.124504 3216 3305
45.1255 0.000946045 3305 3391
45.1875 0.0620155 3391 3475
45.2486 0.0610771 3475 3557
45.2504 0.00188446 3557 3637
45.3115 0.0610771 3637 3715
45.3726 0.0610733 3715 3792
45.3745 0.00188828 3792 3867
45.4365 0.0620155 3867 4288
45.498 0.0615463 4288 4355
45.5582 0.0601273 4355 4420
45.562 0.00377655 4420 4824
45.623 0.0610733 4824 5360
45.6846 0.0615463 5360 5896
45.748 0.0634537 5896 4422
45.7485 0.000473022 4422 4288
45.8096 0.0610733 4288 4422
45.8711 0.0615463 4422 4824
45.9313 0.0601654 4824 4288
46.0563 0.124981 4288 3752
46.1766 0.120296 3752 4288
46.2381 0.0615463 4288 4824
46.3048 0.0667 4824 5360
46.4894 0.184635 5360 5896
46.5487 0.0592232 5896 6432
46.5534 0.00470352 6432 5896
46.5538 0.000469208 5896 5514
46.6093 0.0554504 5514 4824
46.676 0.0667191 4824 5360
46.7986 0.122597 5360 5896
46.8611 0.0625114 5896 5360
46.8616 0.000469208 5360 4824
46.9842 0.122658 4824 4288
47.1708 0.186527 4288 3752
47.3541 0.183296 3752 3216
47.4772 0.123093 3216 3752
47.5354 0.058239 3752 3828
47.5969 0.0615463 3828 4288
47.6623 0.0653419 4288 3752
47.6628 0.000473022 3752 3216
47.8446 0.181824 3216 3305
47.8493 0.00469971 3305 3391
47.9094 0.0601311 3391 3475
47.9686 0.0592041 3475 3557
47.9714 0.00281143 3557 3637
48.0316 0.0601501 3637 3715
48.0334 0.0018692 3715 3792
48.0945 0.0610924 3792 3867
48.1561 0.0615463 3867 4288
48.2195 0.0634499 4288 3752
48.2783 0.0587158 3752 3216
48.3426 0.0643959 3216 3752
48.4037 0.0610733 3752 3828
48.4653 0.0615463 3828 4288
48.5907 0.12545 4288 4824
48.6518 0.0610733 4824 4883
48.7143 0.0624924 4883 5360
48.8383 0.124054 5360 4824
48.8388 0.000469208 4824 4422
48.8393 0.000473022 4422 4020
48.8398 0.000473022 4020 3752
48.9004 0.0606003 3752 4020
49.6366 0.736206 4020 3216
49.6981 0.0615463 3216 3484
49.701 0.00287247 3484 3566
49.763 0.0620346 3566 2680
49.8246 0.0615463 2680 3030
49.8861 0.0615463 3030 3124
49.9476 0.0615463 3124 3215
50.0092 0.0615425 3215 3304
50.0707 0.0615463 3304 3390
50.1328 0.0620193 3390 3474
50.1337 0.00094223 3474 3556
50.1957 0.0620193 3556 3636
50.2577 0.0620155 3636 3715
50.2587 0.000946045 3715 3792
50.3207 0.0620155 3792 3867
50.3822 0.0615463 3867 4288
50.5063 0.124054 4288 3752
50.5068 0.000473022 3752 3216
50.6299 0.123112 3216 3752
50.691 0.0610733 3752 3828
50.7525 0.0615463 3828 4288
50.877 0.124523 4288 3752
50.8775 0.000473022 3752 3216
51.0001 0.122639 3216 3752
51.0612 0.0610733 3752 3828
51.1228 0.0615463 3828 4288
51.3107 0.187962 4288 3752
51.3112 0.000469208 3752 3216
51.4343 0.123112 3216 3752
51.4954 0.0610733 3752 3828
51.5569 0.0615463 3828 3903
51.8036 0.246635 3903 3976
51.8656 0.0620346 3976 3216
51.9901 0.124527 3216 2680
52.1114 0.121243 2680 2787
52.1729 0.0615463 2787 2890
52.2344 0.0615463 2890 2989
52.296 0.0615425 2989 3085
52.3575 0.0615463 3085 3178
52.4191 0.0615463 3178 3268
52.4806 0.0615463 3268 3355
52.4839 0.00326538 3355 3440
52.5436 0.0596962 3440 3523
52.6047 0.0610733 3523 3604
52.6079 0.00326538 3604 3683
52.6676 0.0596962 3683 3761
52.7287 0.0610733 3761 3837
52.7902 0.0615463 3837 4288
52.9768 0.186523 4288 4824
53.0378 0.0610733 4824 5360
53.0412 0.0033226 5360 4824
53.0994 0.0582428 4824 4422
53.0999 0.000473022 4422 4020
53.1004 0.000473022 4020 3752
53.1624 0.0620155 3752 4020
53.1643 0.00190735 4020 4091
53.2263 0.0620003 4091 4288
53.2878 0.0615425 4288 4824
53.3489 0.0610733 4824 5360
53.4104 0.0615463 5360 5896
53.5331 0.12262 5896 6432
53.6604 0.127338 6432 6968
53.7215 0.0610733 6968 7504
53.784 0.0624924 7504 8040
53.9056 0.121674 8040 8576
54.0297 0.124073 8576 8040
54.0311 0.00141525 8040 6432
54.1514 0.1203 6432 5896
54.2125 0.0610924 5896 5360
54.2134 0.000923157 5360 5896
54.2797 0.0662842 5896 5360
54.5222 0.242428 5360 5896
54.5884 0.0662842 5896 5360
54.5899 0.00141525 5360 4824
54.6462 0.0563736 4824 5360
54.775 0.128754 5360 4824
54.8976 0.122639 4824 5360
54.9601 0.0624924 5360 5896
55.017 0.0568428 5896 5944
55.5103 0.493328 5944 5360
55.5108 0.000473022 5360 4824
55.8227 0.311974 4824 4288
56.0652 0.242447 4288 4355
56.0732 0.00798416 4355 4824
56.1342 0.0610733 4824 5360
56.1958 0.0615463 5360 5896
56.3184 0.12262 5896 6432
56.5082 0.18985 6432 5360
56.5087 0.000469208 5360 4824
56.6314 0.122639 4824 5360
56.691 0.0596771 5360 4824
56.6925 0.00143433 4824 4288
56.7526 0.0601311 4288 4824
56.8151 0.0625076 4824 5360
56.9983 0.183205 5360 5896
57.0026 0.00426483 5896 6432
57.0641 0.0615463 6432 6968
57.1243 0.0601311 6968 7504
57.1858 0.0615425 7504 8040
57.1882 0.00238037 8040 7504
57.1887 0.000473022 7504 7142
57.1891 0.000473022 7142 6961
57.1896 0.000469208 6961 6030
57.1901 0.000473022 6030 5896
57.2497 0.0596581 5896 6030
57.8032 0.553455 6030 5360
57.8647 0.0615463 5360 5494
57.9272 0.0625114 5494 4824
57.9888 0.0615616 4824 4958
58.0518 0.0629807 4958 4288
58.1133 0.0615654 4288 4422
58.2369 0.123585 4422 4824
58.2966 0.059639 4824 4883
58.3581 0.0615425 4883 5360
58.4855 0.127361 5360 5896
58.5465 0.0610733 5896 6432
58.6038 0.0572586 6432 5896
58.6043 0.000473022 5896 5514
58.6053 0.000980377 5514 4824
58.6673 0.0620384 4824 4288
58.7288 0.0615425 4288 4824
58.7904 0.0615463 4824 5360
58.8519 0.0615463 5360 5896
58.8557 0.0038147 5896 5360
58.8567 0.000961304 5360 4824
59.2246 0.367878 4824 4288
59.4698 0.245201 4288 4355
59.5299 0.0601311 4355 4420
59.5337 0.00377274 4420 4824
59.5948 0.0610733 4824 5360
59.6563 0.0615463 5360 5896
59.7183 0.0620193 5896 6432
59.7799 0.0615463 6432 6968
59.9025 0.122616 6968 7504
60.0312 0.128757 7504 8040
60.0923 0.0610733 8040 8576
60.0942 0.00190735 8576 8040
60.1496 0.0554085 8040 7504
60.1501 0.000473022 7504 7326
60.1506 0.000473022 7326 6432
60.1553 0.00473785 6432 5896
60.1562 0.000923157 5896 6432
60.216 0.0597153 6432 5896
60.2169 0.000926971 5896 6432
60.2728 0.0558815 6432 5896
60.3978 0.124996 5896 5360
60.5209 0.123093 5360 5896
60.5876 0.0667763 5896 6432
60.6502 0.0625267 6432 5896
60.706 0.0558434 5896 5360
60.7695 0.0634537 5360 4824
60.8921 0.122639 4824 5360
61.02 0.127869 5360 5896
61.08 0.0600739 5896 6432
61.1416 0.0615425 6432 6968
61.2013 0.0596771 6968 6432
61.2017 0.000473022 6432 6057
61.2022 0.000473022 6057 5870
61.2031 0.00094223 5870 5226
61.2036 0.000473022 5226 4824
61.2628 0.059185 4824 5226
61.323 0.0601501 5226 4288
61.3845 0.0615463 4288 4690
61.446 0.0615425 4690 4824
61.5143 0.0682335 4824 5360
61.6363 0.12207 5360 5896
61.6951 0.0587311 5896 6432
61.7566 0.0615463 6432 6968
61.8201 0.0634727 6968 6432
61.822 0.0018692 6432 6057
61.8224 0.000469208 6057 5226
61.8235 0.00102234 5226 4824
61.8817 0.0582047 4824 5226
61.9432 0.0615425 5226 5360
62.0715 0.128323 5360 5896
62.1302 0.0586739 5896 6432
62.1918 0.0615463 6432 6968
62.2533 0.0615654 6968 6432
62.2538 0.000473022 6432 6057
62.2543 0.000473022 6057 5870
62.2547 0.000469208 5870 5226
62.2552 0.000473022 5226 4824
62.3149 0.0596962 4824 4288
62.3154 0.000453949 4288 5226
62.3187 0.00334167 5226 4824
62.3764 0.0577507 4824 5226
62.4375 0.0610924 5226 5360
62.5663 0.128754 5360 5896
62.625 0.0587349 5896 5360
62.6279 0.00283051 5360 5226
62.6283 0.000473022 5226 4824
62.6866 0.0582428 4824 5226
62.7477 0.0610924 5226 5360
62.8102 0.0624886 5360 5896
62.8684 0.0582047 5896 5360
62.8698 0.0014534 5360 5226
62.8703 0.000473022 5226 4824
62.9299 0.0596161 4824 5226
62.991 0.0610924 5226 5360
63.0569 0.0658722 5360 4824
63.0578 0.00094223 4824 4288
63.1184 0.0606232 4288 4824
63.2382 0.119766 4824 4288
63.3055 0.0672874 4288 3752
63.4286 0.123093 3752 3828
63.4901 0.0615425 3828 3903
64.1681 0.677948 3903 3976
64.2921 0.124054 3976 3216
64.3537 0.0615616 3216 3440
64.3542 0.000473022 3440 2680
64.4162 0.0620422 2680 3440
64.4773 0.0610886 3440 3523
64.5384 0.0610733 3523 3604
64.5402 0.00189209 3604 3683
64.6013 0.0610733 3683 3761
64.6624 0.0610733 3761 3837
64.7239 0.0615463 3837 4288
64.848 0.124054 4288 3752
64.8485 0.000473022 3752 3440
64.8489 0.000465393 3440 3216
65.0933 0.244392 3216 2680
65.1549 0.0615692 2680 3216
65.7114 0.55648 3216 2680
65.7874 0.0759964 2680 536
67.172 1.38464 536 1072
67.234 0.0620193 1072 1340
67.296 0.0620193 1340 1554
67.3581 0.0620117 1554 1738
67.4201 0.0620193 1738 1903
67.4816 0.0615463 1903 2053
67.5432 0.0615463 2053 2192
67.6047 0.0615463 2192 2323
67.6057 0.000946045 2323 2446
67.6667 0.0610733 2446 2563
67.6677 0.000938416 2563 2675
67.7288 0.0610733 2675 2782
67.7908 0.0620193 2782 2885
67.8523 0.0615463 2885 2984
67.9139 0.0615463 2984 3080
67.9754 0.0615463 3080 3173
68.037 0.0615463 3173 3263
68.0985 0.0615463 3263 3351
68.1004 0.00188446 3351 3436
68.1615 0.0610733 3436 3519
68.2225 0.0610733 3519 3600
68.285 0.0625076 3600 2680
68.2855 0.000473022 2680 2144
68.3457 0.0601501 2144 1608
68.3466 0.000946045 1608 1072
68.4086 0.0620193 1072 1340
68.4706 0.0620117 1340 1554
68.5327 0.0620193 1554 1738
68.5947 0.0620193 1738 1903
68.7188 0.124069 1903 1072
68.8419 0.123116 1072 1340
68.9039 0.0620193 1340 1554
69.1654 0.261543 1554 1738
69.2886 0.123131 1738 1072
69.4116 0.123093 1072 1340
69.4737 0.0620117 1340 1554
69.5357 0.0620193 1554 1738
69.5977 0.0620193 1738 1903
69.6592 0.0615463 1903 2053
69.7208 0.0615463 2053 2192
69.7823 0.0615463 2192 2323
69.8444 0.0620117 2323 2446
69.9064 0.0620193 2446 2563
69.9073 0.000946045 2563 2675
69.9684 0.0610733 2675 2782
69.9693 0.000946045 2782 2885
70.0318 0.0625076 2885 2144
70.0925 0.0606155 2144 1608
70.0929 0.000473022 1608 1072
70.1554 0.0624924 1072 1340
70.2174 0.0620193 1340 1554
70.2795 0.0620117 1554 1738
70.3415 0.0620193 1738 1903
70.403 0.0615463 1903 2053
70.4646 0.0615463 2053 2192
70.5261 0.0615463 2192 2323
70.5271 0.000946045 2323 2446
70.5881 0.0610733 2446 2563
70.5891 0.000938416 2563 2675
70.6502 0.0610809 2675 2782
70.6511 0.000938416 2782 2885
70.7131 0.0620193 2885 2984
70.7747 0.0615463 2984 3080
70.8362 0.0615463 3080 3173
70.8977 0.0615463 3173 3263
70.9593 0.0615463 3263 3351
71.0204 0.0610733 3351 3436
71.0223 0.00188446 3436 3519
71.144 0.121696 3519 2680
71.1444 0.000473022 2680 2144
71.1454 0.000961304 2144 1608
71.1459 0.000473022 1608 1072
71.267 0.121185 1072 1340
71.3291 0.0620117 1340 1554
71.3911 0.0620193 1554 1738
71.4531 0.0620193 1738 1903
71.5146 0.0615463 1903 2053
71.5762 0.0615463 2053 2192
71.6377 0.0615463 2192 2323
71.6387 0.000938416 2323 2446
71.6997 0.0610733 2446 2563
71.7618 0.0620422 2563 1608
71.7623 0.000488281 1608 1072
71.8849 0.12262 1072 1340
71.9469 0.0620193 1340 1554
72.0089 0.0620193 1554 1738
72.2714 0.262489 1738 1903
72.3334 0.0620117 1903 2053
72.395 0.0615463 2053 2192
72.4565 0.0615463 2192 2323
72.5186 0.0620422 2323 1608
72.5191 0.000488281 1608 1072
72.6417 0.12262 1072 1340
72.7037 0.0620193 1340 1554
72.7657 0.0620117 1554 1738
72.8277 0.0620193 1738 1903
72.8893 0.0615463 1903 2053
72.9508 0.0615463 2053 2192
73.0133 0.0624924 2192 2323
73.0753 0.0620117 2323 2446
73.1994 0.124077 2446 1072
73.3836 0.184181 1072 1340
73.4456 0.0620193 1340 1554
73.5076 0.0620193 1554 1738
73.5696 0.0620193 1738 1903
73.6312 0.0615463 1903 2053
73.6927 0.0615387 2053 2192
73.7543 0.0615463 2192 2323
73.8163 0.0620422 2323 1608
73.8168 0.000488281 1608 1072
73.9394 0.12262 1072 1340
74.0014 0.0620193 1340 1554
74.0635 0.0620193 1554 1738
74.1255 0.0620117 1738 1903
74.187 0.0615463 1903 2053
74.2486 0.0615463 2053 2192
74.3101 0.0615463 2192 2323
74.3111 0.000946045 2323 2446
74.3721 0.0610733 2446 2563
74.3731 0.000946045 2563 2675
74.4341 0.0610733 2675 2782
74.4351 0.000938416 2782 2885
74.4971 0.0620193 2885 2984
74.5587 0.0615463 2984 3080
74.6202 0.0615463 3080 3173
74.7428 0.122635 3173 2144
74.7438 0.000968933 2144 1608
74.7443 0.000465393 1608 1072
74.8659 0.121681 1072 1340
74.928 0.0620117 1340 1554
74.99 0.0620193 1554 1738
75.052 0.0620193 1738 1903
75.1751 0.123131 1903 1072
75.2982 0.123093 1072 1340
75.3602 0.0620117 1340 1554
75.4223 0.0620193 1554 1738
75.4843 0.0620193 1738 1903
75.5458 0.0615463 1903 2053
75.6074 0.0615463 2053 2192
75.6689 0.0615463 2192 2323
75.6699 0.000938416 2323 2446
75.7935 0.123627 2446 1608
75.855 0.0615616 1608 1072
76.1013 0.246277 1072 536
76.1629 0.0615463 536 1072
76.1629 0 1072 1340
76.2249 0.0620193 1340 1554
76.2869 0.0620193 1554 1738
76.3489 0.0620117 1738 1903
76.4105 0.0615463 1903 2053
76.472 0.0615463 2053 2192
76.5336 0.0615463 2192 2323
76.5345 0.000946045 2323 2446
76.5956 0.0610733 2446 2563
76.5965 0.000946045 2563 2675
76.6576 0.0610733 2675 2782
76.6585 0.000938416 2782 2885
76.7206 0.0620193 2885 2984
76.7821 0.0615463 2984 3080
76.9042 0.122147 3080 3173
76.9658 0.0615463 3173 3263
77.0273 0.0615463 3263 3351
77.0292 0.00188446 3351 3436
77.0903 0.0610733 3436 3519
77.1514 0.0610809 3519 3600
77.1533 0.00188446 3600 3679
77.2143 0.0610733 3679 3757
77.2754 0.0610733 3757 3833
77.3379 0.0625076 3833 3216
77.3384 0.000473022 3216 2680
77.3389 0.000473022 2680 2144
77.3393 0.000473022 2144 1608
77.3985 0.0592041 1608 1072
77.461 0.0624924 1072 1340
77.6462 0.185165 1340 536
77.7077 0.0615463 536 1072
77.7077 0 1072 1340
77.7698 0.0620117 1340 1554
77.8318 0.0620193 1554 1738
77.8938 0.0620193 1738 1903
77.9553 0.0615463 1903 2053
78.0169 0.0615463 2053 2192
78.0784 0.0615463 2192 2323
78.0794 0.000938416 2323 2446
78.1404 0.0610733 2446 2563
78.1414 0.000946045 2563 2675
78.2025 0.0610733 2675 2782
78.2034 0.000946045 2782 2885
78.326 0.12262 2885 2984
78.3876 0.0615463 2984 3080
78.4491 0.0615463 3080 3173
78.5107 0.0615463 3173 3263
78.5722 0.0615387 3263 3351
78.5741 0.00189209 3351 3436
78.6352 0.0610733 3436 3519
78.6962 0.0610733 3519 3600
78.6981 0.00188446 3600 3679
78.7592 0.0610733 3679 3757
78.8203 0.0610809 3757 3833
78.8818 0.0615387 3833 4288
78.9462 0.0643845 4288 4355
79.0063 0.0601273 4355 4420
79.0683 0.0620193 4420 4484
79.0702 0.00188446 4484 4548
79.1924 0.122169 4548 4288
79.1929 0.000473022 4288 3801
79.1933 0.000465393 3801 3216
79.315 0.121681 3216 3305
79.3193 0.00426483 3305 3391
79.3785 0.059166 3391 3475
79.4391 0.0606003 3475 3557
79.4433 0.00426483 3557 3637
79.5025 0.0591736 3637 3715
79.5631 0.0606003 3715 3792
79.5674 0.00426483 3792 3867
79.6289 0.0615463 3867 4288
79.6905 0.0615463 4288 4824
79.7496 0.059166 4824 5360
79.8112 0.0615463 5360 5896
79.9338 0.12262 5896 6432
80.1227 0.188904 6432 6004
80.1232 0.000473022 6004 5789
80.1241 0.000938416 5789 4824
80.1838 0.0597 4824 4288
80.1847 0.000923157 4288 4824
80.3069 0.122208 4824 4288
80.43 0.123085 4288 4824
80.4338 0.00377655 4824 4288
80.5555 0.121735 4288 3752
80.68 0.124489 3752 4288
80.7416 0.0615463 4288 4355
80.8007 0.0591888 4355 4824
80.8055 0.00471497 4824 5360
80.867 0.0615463 5360 5896
80.9286 0.0615692 5896 5360
80.929 0.000465393 5360 4969
80.9295 0.000473022 4969 4422
80.93 0.000473022 4422 4288
80.9906 0.0606003 4288 4422
81.0522 0.0615692 4422 4824
81.1132 0.0610733 4824 5360
81.1753 0.0620346 5360 4824
81.1757 0.000473022 4824 4422
81.1762 0.000473022 4422 4288
81.3595 0.183296 4288 3752
81.4211 0.0615616 3752 4288
81.6058 0.184715 4288 3752
81.6674 0.0615692 3752 4288
81.7271 0.0597153 4288 3752
81.7886 0.0615616 3752 4288
82.1156 0.326942 4288 536
82.4387 0.32309 536 1072
82.5007 0.0620193 1072 1608
82.5627 0.0620117 1608 2144
82.6242 0.0615463 2144 2680
82.6252 0.000946045 2680 3216
82.6863 0.0610733 3216 3752
82.6872 0.000946045 3752 3828
82.8733 0.18605 3828 3903
83.0588 0.185577 3903 3976
83.4281 0.369293 3976 3216
83.4897 0.0615463 3216 3440
83.6104 0.12075 3440 3523
83.6147 0.00423431 3523 3604
83.6753 0.0606003 3604 3683
83.7345 0.0592041 3683 3761
83.7387 0.00422668 3761 3837
83.8002 0.0615463 3837 4288
83.8618 0.0615463 4288 4355
83.92 0.0582581 4355 4420
83.9257 0.00564575 4420 4824
83.9868 0.0610733 4824 5360
84.0483 0.0615463 5360 5896
84.1709 0.12262 5896 6432
84.1743 0.00332642 6432 5896
84.2287 0.0544815 5896 5514
84.2292 0.000473022 5514 4824
84.2964 0.0672302 4824 4288
84.4181 0.121674 4288 3752
84.4215 0.00336456 3752 3216
84.4797 0.058197 3216 3752
84.5441 0.0644379 3752 4288
84.6658 0.121635 4288 4824
84.7268 0.0610733 4824 5360
84.7884 0.0615463 5360 5896
84.8542 0.0657959 5896 6432
84.9768 0.12262 6432 6968
85.0398 0.0629807 6968 6550
85.0402 0.000473022 6550 6340
85.0407 0.000473022 6340 6131
85.0412 0.000465393 6131 5922
85.0975 0.0563583 5922 5712
85.098 0.000473022 5712 5226
85.0985 0.000473022 5226 4824
85.1004 0.00188446 4824 5226
85.161 0.0606232 5226 5360
85.2878 0.126846 5360 5896
85.3489 0.0610733 5896 6432
85.4105 0.0615463 6432 6968
85.4748 0.0643921 6968 6432
85.5307 0.0558853 6432 6057
85.5312 0.000473022 6057 5870
85.5317 0.000488281 5870 5226
85.5326 0.000946045 5226 4824
85.5369 0.00422668 4824 5226
85.598 0.0610962 5226 5360
85.7225 0.124504 5360 5896
85.7802 0.0577698 5896 5944
85.8418 0.0615463 5944 6432
85.8494 0.00756836 6432 5896
85.9033 0.0540009 5896 5571
85.9038 0.000465393 5571 5226
85.9043 0.000473022 5226 4824
85.9105 0.00617981 4824 4288
85.9114 0.000923157 4288 5226
85.9659 0.0544662 5226 4824
85.972 0.00614929 4824 5226
86.035 0.0629807 5226 4288
86.0966 0.0615692 4288 4690
86.1581 0.0615616 4690 4824
86.2192 0.0610733 4824 5360
86.2807 0.0615463 5360 5896
86.4019 0.121147 5896 6432
86.4597 0.0577927 6432 5896
86.4601 0.000465393 5896 5514
86.4635 0.00330353 5514 4824
86.5303 0.0668182 4824 4288
86.6534 0.123108 4288 4824
86.7144 0.0610733 4824 5360
86.776 0.0615463 5360 5896
86.839 0.0629807 5896 5360
86.8394 0.000473022 5360 4969
86.8399 0.000473022 4969 4422
86.8404 0.000473022 4422 4288
86.9005 0.0601273 4288 4422
87.0227 0.122185 4422 3752
87.0847 0.0619812 3752 3886
87.1458 0.0610962 3886 4288
87.2712 0.12545 4288 4824
87.3323 0.0610733 4824 5360
87.3938 0.0615463 5360 5896
87.4582 0.0643921 5896 5360
87.5155 0.0572968 5360 4969
87.516 0.000473022 4969 4422
87.5165 0.000473022 4422 4288
87.5198 0.00334167 4288 3752
87.5203 0.000457764 3752 4422
87.5781 0.0577698 4422 4288
87.5814 0.00331879 4288 4422
87.6429 0.0615692 4422 4824
87.704 0.0610733 4824 5360
87.7656 0.0615387 5360 5896
87.8281 0.0625153 5896 5360
87.8285 0.000465393 5360 4969
87.829 0.000473022 4969 4422
87.83 0.000968933 4422 4288
87.8309 0.000938416 4288 3752
87.8901 0.0591888 3752 4422
87.8915 0.00143433 4422 4288
87.8925 0.000923157 4288 4422
88.0127 0.120277 4422 4824
88.0151 0.00236511 4824 4883
88.0776 0.0624847 4883 5360
88.1387 0.0610962 5360 4824
88.1392 0.000473022 4824 4422
88.1401 0.000946045 4422 4288
88.2007 0.0606003 4288 4422
88.2627 0.0620346 4422 4824
88.3238 0.0610733 4824 5360
88.3844 0.0606232 5360 4824
88.3849 0.000473022 4824 4422
88.3859 0.000961304 4422 4288
88.3868 0.000946045 4288 3752
88.446 0.0591812 3752 4422
88.4474 0.00143433 4422 4288
88.4484 0.000923157 4288 4422
88.5099 0.0615692 4422 4824
88.571 0.0610733 4824 4883
88.633 0.0619965 4883 5360
88.7552 0.122169 5360 4824
88.7556 0.000473022 4824 4422
88.7561 0.000465393 4422 4288
88.8186 0.0625153 4288 4422
88.8778 0.0592041 4422 4288
88.8783 0.000473022 4288 3886
88.8802 0.00188446 3886 3752
88.9389 0.0587158 3752 3886
88.9436 0.00471497 3886 3959
89.0052 0.0615463 3959 4288
89.187 0.181808 4288 4824
89.1917 0.0047226 4824 5360
89.2532 0.0615387 5360 5896
89.3152 0.0620193 5896 6432
89.3768 0.0615463 6432 6968
89.4426 0.0658112 6968 6432
89.4966 0.0539932 6432 5870
89.4985 0.00189209 5870 5226
89.5004 0.00188446 5226 4824
89.5042 0.0038147 4824 4288
89.5046 0.000457764 4288 5226
89.5601 0.0554047 5226 4824
89.5657 0.0056839 4824 5226
89.6273 0.0615845 5226 4288
89.6889 0.0615463 4288 4690
89.7504 0.0615463 4690 4824
89.8096 0.059166 4824 5360
89.8711 0.0615463 5360 5896
89.9937 0.122597 5896 6432
90.1182 0.124527 6432 5896
90.1187 0.000473022 5896 5514
90.1192 0.000473022 5514 4824
90.2409 0.121712 4824 4288
90.364 0.123131 4288 3752
90.4867 0.122635 3752 4288
90.6135 0.126831 4288 3752
90.7348 0.121284 3752 4288
90.7959 0.0610886 4288 3752
91.1647 0.36882 3752 3828
91.293 0.128265 3828 3216
91.3545 0.0615463 3216 3292
91.4156 0.0611115 3292 2680
91.5345 0.118904 2680 2756
91.5355 0.000938416 2756 2860
91.5975 0.0620193 2860 2960
91.659 0.0615463 2960 3057
91.7206 0.0615463 3057 3150
91.7821 0.0615463 3150 3241
91.8437 0.0615463 3241 3329
91.9057 0.0620346 3329 2680
91.9673 0.0615616 2680 2756
91.9677 0.000473022 2756 2680
91.9682 0.000473022 2680 2144
92.0298 0.0615692 2144 2756
92.0913 0.0615616 2756 2860
92.1529 0.0615463 2860 2960
92.2144 0.0615463 2960 3057
92.276 0.0615463 3057 3150
92.3375 0.0615463 3150 3241
92.4 0.0625076 3241 2680
92.4616 0.0615463 2680 2705
92.5227 0.0610886 2705 2811
92.5842 0.0615463 2811 2913
92.6458 0.0615463 2913 3011
92.7073 0.0615463 3011 3106
92.7689 0.0615463 3106 3198
92.8304 0.0615463 3198 3287
92.8919 0.0615463 3287 3374
92.953 0.0610504 3374 3459
92.9549 0.00190735 3459 3542
93.015 0.060112 3542 3623
93.0785 0.0634689 3623 2680
93.14 0.0615463 2680 2705
93.2617 0.121696 2705 2144
93.3233 0.0615463 2144 2169
93.3252 0.00192261 2169 2144
93.3848 0.059639 2144 1608
93.4464 0.0615463 1608 2169
93.4488 0.00240326 2169 2301
93.5084 0.0596161 2301 2425
93.5108 0.00239563 2425 2543
93.5704 0.0596237 2543 2655
93.5728 0.00239563 2655 2763
93.6324 0.0596237 2763 2866
93.694 0.0615387 2866 2966
93.7555 0.0615463 2966 3062
93.8171 0.0615463 3062 3155
93.8786 0.0615463 3155 3246
93.9402 0.0615463 3246 3334
93.943 0.00286865 3334 3420
94.0031 0.0600967 3420 3504
94.0642 0.0610733 3504 3585
94.0671 0.00286865 3585 3665
94.1272 0.0600891 3665 3743
94.1882 0.0610733 3743 3819
94.1911 0.00286865 3819 3894
94.3118 0.120712 3894 2680
94.3123 0.000473022 2680 2169
94.3142 0.0019455 2169 2144
94.3734 0.0591507 2144 2169
94.4373 0.063942 2169 2301
94.4387 0.00141907 2301 2425
94.4993 0.0606003 2425 2543
94.5008 0.00141144 2543 2655
94.5614 0.0606079 2655 2763
94.5628 0.00141144 2763 2866
94.6243 0.0615463 2866 2966
94.6859 0.0615463 2966 3062
94.7474 0.0615463 3062 3155
94.809 0.0615463 3155 3246
94.8705 0.0615463 3246 3334
94.9316 0.0610733 3334 3420
94.9335 0.00188446 3420 3504
94.9945 0.0610733 3504 3585
95.0556 0.0610733 3585 3665
95.0575 0.00189209 3665 3743
95.1186 0.0610733 3743 3819
95.1797 0.0610886 3819 3216
95.1801 0.000473022 3216 2680
95.1806 0.000473022 2680 2169
95.1811 0.000473022 2169 2144
95.2412 0.0601273 2144 2169
95.3028 0.0615692 2169 2301
95.3051 0.00233459 2301 2425
95.3648 0.0596771 2425 2543
95.3671 0.00234222 2543 2655
95.4268 0.0596771 2655 2763
95.4292 0.00234222 2763 2866
95.4907 0.0615463 2866 2966
95.5522 0.0615463 2966 3062
95.6138 0.0615463 3062 3155
95.6753 0.0615463 3155 3246
95.7369 0.0615463 3246 3334
95.797 0.0601425 3334 3420
95.7998 0.00281525 3420 3504
95.8609 0.0610733 3504 3585
95.9234 0.0625076 3585 2680
95.9239 0.000473022 2680 2169
95.984 0.0601501 2169 2144
95.9854 0.00139618 2144 2169
96.047 0.0615616 2169 2301
96.1081 0.0610733 2301 2425
96.109 0.000946045 2425 2543
96.1701 0.0610733 2543 2655
96.171 0.000946045 2655 2763
96.2321 0.0610733 2763 2866
96.2937 0.0615463 2866 2966
96.3552 0.0615463 2966 3062
96.4168 0.0615463 3062 3155
96.4783 0.0615463 3155 3246
96.5398 0.0615463 3246 3334
96.5417 0.00188446 3334 3420
96.6028 0.0610733 3420 3504
96.6639 0.0610733 3504 3585
96.6658 0.00189209 3585 3665
96.7268 0.0610733 3665 3743
96.7879 0.0610733 3743 3819
96.7898 0.00188446 3819 3894
96.8518 0.0620193 3894 4288
96.9139 0.0620346 4288 3752
96.9143 0.000473022 3752 3216
97.0374 0.123108 3216 3752
97.0985 0.0610733 3752 3828
97.1601 0.0615463 3828 4288
97.2855 0.12545 4288 4824
97.3466 0.0610733 4824 5360
97.4086 0.0620422 5360 4824
97.4091 0.000473022 4824 4422
97.4096 0.000465393 4422 4020
97.41 0.000473022 4020 3752
97.4706 0.0606079 3752 4020
97.7755 0.304893 4020 3216
97.84 0.064476 3216 2680
97.9016 0.0615616 2680 3216
98.0849 0.183296 3216 2680
98.1464 0.0615692 2680 3216
98.7154 0.568985 3216 536
99.0385 0.32309 536 1072
99.1005 0.0620193 1072 1608
99.1626 0.0620193 1608 2144
99.2241 0.0615463 2144 2680
99.2241 0 2680 2787
99.225 0.000938416 2787 2890
99.2871 0.0620193 2890 2989
99.3486 0.0615463 2989 3085
99.4101 0.0615463 3085 3178
99.4717 0.0615463 3178 3268
99.5332 0.0615463 3268 3355
99.5957 0.0625076 3355 2680
99.7189 0.123108 2680 2787
99.7804 0.0615463 2787 2890
99.842 0.0615463 2890 2989
99.9035 0.0615463 2989 3085
99.965 0.0615463 3085 3178
100.027 0.0615463 3178 3268
100.088 0.0615463 3268 3355
100.15 0.0615616 3355 2680
100.272 0.122223 2680 2144
100.273 0.00139618 2144 1608
100.333 0.060173 1608 2144
100.335 0.00137329 2144 2680
100.396 0.0615845 2680 2787
100.458 0.0615463 2787 2890
100.52 0.0615463 2890 2989
100.581 0.0615463 2989 3085
100.643 0.0615463 3085 3178
100.704 0.0615463 3178 3268
100.766 0.0615463 3268 3355
100.827 0.0610733 3355 3440
100.829 0.00188446 3440 3523
100.89 0.0610733 3523 3604
100.951 0.0610733 3604 3683
101.013 0.0625076 3683 2680
101.136 0.123116 2680 2787
101.198 0.0615463 2787 2890
101.26 0.0615616 2890 2144
101.321 0.0615463 2144 2354
101.505 0.183746 2354 1608
101.566 0.0615463 1608 1818
102.566 1 1818 536
104.628 2.06155 536 1072
104.628 0 1072 1340
104.69 0.0620193 1340 1554
104.752 0.0620193 1554 1738
104.814 0.0620193 1738 1903
104.876 0.0615463 1903 2053
104.937 0.0615387 2053 2192
104.999 0.0615463 2192 2323
105.061 0.0620193 2323 2446
105.123 0.0620193 2446 2563
105.124 0.000946045 2563 2675
105.185 0.0610733 2675 2782
105.186 0.000938416 2782 2885
105.248 0.0620193 2885 2984
105.309 0.0615463 2984 3080
105.371 0.0615463 3080 3173
105.432 0.0615463 3173 3263
105.494 0.0615463 3263 3351
105.557 0.0629807 3351 2144
105.617 0.0606155 2144 1608
105.618 0.000473022 1608 1072
106.68 1.06202 1072 536
107.003 0.32309 536 1072
107.065 0.0620193 1072 1340
107.127 0.0620193 1340 1554
107.189 0.0620193 1554 1738
107.251 0.0620117 1738 1903
107.313 0.0615463 1903 2053
107.374 0.0615463 2053 2192
107.436 0.0615463 2192 2323
107.437 0.000946045 2323 2446
107.498 0.0610733 2446 2563
107.499 0.000946045 2563 2675
107.56 0.0610733 2675 2782
107.561 0.000938416 2782 2885
107.623 0.0620193 2885 2984
107.684 0.0615463 2984 3080
107.746 0.0615463 3080 3173
107.807 0.0615463 3173 3263
107.869 0.0615463 3263 3351
107.93 0.0610733 3351 3436
107.932 0.00188446 3436 3519
107.993 0.0610733 3519 3600
108.054 0.0610733 3600 3679
108.056 0.00189209 3679 3757
108.117 0.0610733 3757 3833
108.179 0.0615463 3833 4288
108.303 0.124054 4288 3752
108.303 0.000473022 3752 3216
108.426 0.123131 3216 2680
108.489 0.0624847 2680 2787
108.55 0.0615463 2787 2890
108.612 0.0615463 2890 2989
108.673 0.0615463 2989 3085
108.735 0.0615463 3085 3178
108.796 0.0615463 3178 3268
108.858 0.0615463 3268 3355
108.919 0.0610733 3355 3440
108.921 0.00188446 3440 3523
108.982 0.0610962 3523 2680
109.352 0.369881 2680 2144
109.413 0.0615845 2144 2680
109.475 0.0615997 2680 2144
109.537 0.0615616 2144 2680
109.921 0.384277 2680 536
109.982 0.0615692 536 1072
110.106 0.123085 1072 1608
110.168 0.0620193 1608 2144
110.168 0 2144 2278
110.229 0.0615463 2278 2404
110.23 0.000946045 2404 2523
110.291 0.0610733 2523 2636
110.292 0.000946045 2636 2744
110.353 0.0610733 2744 2848
110.416 0.0629807 2848 2144
110.601 0.184654 2144 2278
110.663 0.0620193 2278 2404
110.664 0.000938416 2404 2523
110.725 0.0610733 2523 2636
110.787 0.0620422 2636 1608
110.848 0.0615463 1608 2100
110.91 0.0610886 2100 2236
110.971 0.0615463 2236 2364
110.972 0.000946045 2364 2485
111.033 0.0610733 2485 2600
111.034 0.000938416 2600 2710
111.095 0.0610809 2710 2816
111.157 0.0615387 2816 2918
111.218 0.0615463 2918 3016
111.28 0.0615463 3016 3111
111.341 0.0615463 3111 3203
111.403 0.0615463 3203 3292
111.464 0.0615463 3292 3379
111.466 0.00188446 3379 3464
111.527 0.0610733 3464 3546
111.588 0.0610809 3546 3627
111.59 0.00188446 3627 3706
111.651 0.0610733 3706 3783
111.652 0.000946045 3783 3858
111.715 0.0629578 3858 4288
111.838 0.12262 4288 4824
111.899 0.0610733 4824 5360
111.96 0.0615463 5360 5896
112.026 0.0657959 5896 6432
112.149 0.12262 6432 6968
112.21 0.0610733 6968 7504
112.272 0.0615463 7504 8040
112.275 0.00331879 8040 7504
112.275 0.000473022 7504 7142
112.331 0.0558853 7142 6961
112.332 0.000473022 6961 6030
112.332 0.000465393 6030 5896
112.335 0.0033493 5896 5360
112.337 0.00139618 5360 6030
112.394 0.0568237 6030 5896
112.397 0.00331879 5896 6030
112.458 0.0606079 6030 6432
112.641 0.183197 6432 6968
112.703 0.0620346 6968 6432
112.703 0.000473022 6432 6030
112.704 0.000473022 6030 5896
112.764 0.0606003 5896 6030
112.826 0.0610962 6030 6432
112.955 0.129227 6432 6968
113.012 0.0573196 6968 6432
113.013 0.000923157 6432 6030
113.013 0.000473022 6030 5896
113.074 0.0601501 5896 6030
113.075 0.00141144 6030 5896
113.076 0.000961304 5896 5360
113.138 0.0615463 5360 6030
113.199 0.0615692 6030 6432
113.381 0.182274 6432 6968
113.388 0.00710297 6968 6432
113.443 0.0544662 6432 6030
113.443 0.000465393 6030 5896
113.45 0.00617981 5896 5360
113.45 0.000450134 5360 6030
113.505 0.0549393 6030 5896
113.511 0.00615692 5896 6030
113.572 0.0610886 6030 6432
113.634 0.0615463 6432 6968
113.696 0.0625076 6968 6432
113.697 0.000473022 6432 6030
113.697 0.000473022 6030 5896
113.753 0.0553894 5896 5360
113.758 0.00572205 5360 6030
113.759 0.000473022 6030 5360
113.814 0.0553665 5360 5896
113.814 0 5896 6030
113.816 0.00140381 6030 5896
113.821 0.00530243 5896 6030
113.876 0.0553513 6030 5896
113.877 0.000473022 5896 5494
113.877 0.000473022 5494 5360
113.883 0.00576019 5360 5494
113.883 0.000473022 5494 5360
113.937 0.053894 5360 5494
113.999 0.0615463 5494 5896
114.068 0.0692139 5896 6432
114.192 0.124054 6432 5896
114.193 0.000473022 5896 5494
114.246 0.053894 5494 5360
114.247 0.000946045 5360 4824
114.309 0.0615692 4824 5360
114.5 0.190506 5360 4824
114.561 0.0616074 4824 4288
114.562 0.000450134 4288 4824
114.623 0.0611115 4824 5360
114.994 0.370842 5360 4824
115.055 0.0615692 4824 5360
115.186 0.131233 5360 536
115.509 0.32309 536 1072
115.771 0.261551 1072 1608
115.894 0.123123 1608 1072
116.017 0.123093 1072 1340
116.079 0.0620193 1340 1554
116.141 0.0620193 1554 1738
117.141 1 1738 536
117.203 0.0615616 536 1072
117.264 0.0615463 1072 1340
117.326 0.0615463 1340 1554
117.388 0.0620193 1554 1738
117.45 0.0620193 1738 1903
117.511 0.0615463 1903 2053
117.573 0.0615387 2053 2192
117.635 0.0615463 2192 2323
117.635 0.000946045 2323 2446
117.698 0.0620193 2446 2563
117.76 0.0620193 2563 2675
117.76 0.000938416 2675 2782
117.822 0.0610733 2782 2885
117.884 0.0620422 2885 2144
117.885 0.000961304 2144 1608
117.885 0.000473022 1608 1072
118.007 0.121674 1072 1340
118.069 0.0620193 1340 1554
118.131 0.0620193 1554 1738
118.193 0.0620117 1738 1903
118.254 0.0615463 1903 2053
118.316 0.0615463 2053 2192
118.377 0.0615463 2192 2323
118.378 0.000946045 2323 2446
118.439 0.0610733 2446 2563
118.44 0.000946045 2563 2675
118.502 0.0620117 2675 2782
118.564 0.0620193 2782 2885
118.626 0.0615463 2885 2984
118.687 0.0615463 2984 3080
118.749 0.0615463 3080 3173
118.811 0.0615463 3173 3263
118.872 0.0615463 3263 3351
118.874 0.00188446 3351 3436
118.934 0.0601273 3436 3519
118.937 0.00283813 3519 3600
118.998 0.0610733 3600 3679
119.058 0.0601273 3679 3757
119.061 0.00283051 3757 3833
119.123 0.0615463 3833 4288
119.245 0.12262 4288 4824
119.306 0.0606003 4824 5360
119.367 0.0615463 5360 5896
119.433 0.0657959 5896 6432
119.556 0.12262 6432 6968
119.617 0.0610733 6968 7504
119.678 0.0615463 7504 8040
119.68 0.00190735 8040 7504
119.681 0.000465393 7504 7142
119.681 0.000473022 7142 6961
119.682 0.000473022 6961 6030
119.682 0.000473022 6030 5896
119.8 0.117462 5896 5360
119.861 0.0615692 5360 5896
119.864 0.00331879 5896 5360
119.923 0.058754 5360 4824
119.926 0.00283051 4824 5360
119.985 0.0587387 5360 5896
120.483 0.497787 5896 5360
120.544 0.0615616 5360 5896
120.678 0.134186 5896 536
121.001 0.32309 536 1072
121.063 0.0620193 1072 1608
121.125 0.0620117 1608 2144
121.187 0.0615463 2144 2680
121.188 0.000946045 2680 3216
121.249 0.0610733 3216 3752
121.25 0.000946045 3752 4288
121.251 0.000938416 4288 4824
121.311 0.0601349 4824 5360
121.499 0.187485 5360 4824
121.621 0.122643 4824 5360
121.683 0.0615463 5360 5896
121.805 0.12262 5896 5360
121.806 0.000961304 5360 4824
121.869 0.0629807 4824 4288
121.871 0.00192261 4288 3752
121.931 0.059639 3752 4288
121.994 0.0634766 4288 4824
122.055 0.0610504 4824 5360
122.117 0.0615463 5360 5896
122.178 0.0610733 5896 6432
122.241 0.0629807 6432 5896
122.241 0.000473022 5896 5514
122.242 0.000473022 5514 4824
122.304 0.0620346 4824 4288
122.365 0.0615463 4288 4824
122.427 0.0615463 4824 5360
122.489 0.0615463 5360 5896
122.613 0.124054 5896 5360
122.613 0.000473022 5360 4824
122.919 0.305916 4824 4288
123.107 0.188354 4288 4824
123.168 0.0601883 4824 5360
123.23 0.0624847 5360 5896
123.351 0.121208 5896 6432
123.476 0.124527 6432 5896
123.478 0.00190735 5896 5514
123.478 0.000473022 5514 4824
123.479 0.000465393 4824 4288
123.536 0.0578079 4288 3752
123.537 0.000930786 3752 4824
123.658 0.120239 4824 5360
123.661 0.00382996 5360 4824
123.784 0.122643 4824 5360
123.966 0.182236 5360 4824
124.091 0.125 4824 4288
124.155 0.0639801 4288 3752
124.217 0.0615692 3752 4288
124.278 0.0606384 4288 3752
124.34 0.0629578 3752 3828
124.402 0.0615463 3828 3903
124.833 0.431313 3903 3216
124.895 0.0615463 3216 3367
124.958 0.0629807 3367 2680
125.019 0.0615463 2680 2831
125.081 0.0615616 2831 2932
125.143 0.0615463 2932 3029
125.204 0.0615463 3029 3123
125.266 0.0615463 3123 3214
125.327 0.0615463 3214 3303
125.389 0.0615463 3303 3389
125.446 0.0572357 3389 3473
125.452 0.00572205 3473 3555
125.513 0.0610733 3555 3635
125.57 0.0572433 3635 3714
125.576 0.00572205 3714 3791
125.637 0.0610733 3791 3866
125.698 0.0615463 3866 4288
125.824 0.12545 4288 4824
125.885 0.0610733 4824 5360
125.946 0.0615463 5360 5896
126.069 0.12262 5896 6432
126.196 0.127335 6432 6968
126.259 0.0625076 6968 6432
126.311 0.0525208 6432 6057
126.312 0.000473022 6057 5870
126.316 0.00431061 5870 5226
126.317 0.000465393 5226 4824
126.321 0.00424957 4824 5226
126.382 0.0610962 5226 5360
126.505 0.12307 5360 5896
126.568 0.0629807 5896 4824
126.63 0.0620575 4824 5226
126.631 0.000923157 5226 4288
126.693 0.0615692 4288 5226
126.754 0.0611115 5226 4288
126.815 0.0615463 4288 4690
126.997 0.181763 4690 4824
127.002 0.00523376 4824 5360
127.064 0.0615387 5360 5896
127.124 0.0606232 5896 6432
127.186 0.0615463 6432 6968
127.251 0.0653381 6968 6432
127.252 0.000473022 6432 6057
127.306 0.0544128 6057 5870
127.307 0.000473022 5870 5226
127.309 0.0019455 5226 4824
127.313 0.00424194 4824 5226
127.373 0.0606232 5226 4288
127.435 0.0615463 4288 4690
127.497 0.0620346 4690 4824
127.559 0.0620193 4824 5360
127.621 0.0615463 5360 5896
127.743 0.12262 5896 6432
127.871 0.127335 6432 6968
127.932 0.0610733 6968 7504
127.993 0.0615463 7504 8040
128.116 0.122627 8040 8576
128.3 0.184631 8576 9112
128.305 0.00427246 9112 8576
128.305 0.000473022 8576 8224
128.361 0.0558777 8224 8048
128.361 0.000473022 8048 7871
128.363 0.00143433 7871 7695
128.363 0.000473022 7695 7519
128.364 0.000473022 7519 6432
128.368 0.00375366 6432 6834
128.423 0.0549622 6834 6432
128.425 0.00283813 6432 6834
128.489 0.063446 6834 5896
128.55 0.0615387 5896 6298
128.612 0.0610962 6298 6432
128.673 0.0615387 6432 6968
128.795 0.122147 6968 7504
128.921 0.125946 7504 6968
128.922 0.000473022 6968 6684
128.923 0.000961304 6684 6298
128.923 0.000473022 6298 5896
128.924 0.000473022 5896 5360
128.983 0.0596619 5360 6298
128.985 0.00143433 6298 5896
128.985 0.000442505 5896 6298
129.046 0.0610962 6298 6432
129.169 0.123108 6432 5896
129.292 0.122665 5896 5360
129.477 0.185181 5360 4824
129.539 0.0615692 4824 5360
129.965 0.426651 5360 4824
129.97 0.0043335 4824 4288
130.027 0.057251 4288 4824
130.031 0.00431824 4824 5360
130.092 0.0606842 5360 4824
130.153 0.061554 4824 5360
130.289 0.135574 5360 536
130.351 0.061554 536 1072
130.474 0.123093 1072 1608
130.536 0.062027 1608 2144
130.597 0.0615387 2144 2680
130.598 0.000946045 2680 3216
130.659 0.0610657 3216 3752
130.66 0.000946045 3752 4288
130.661 0.000946045 4288 4824
130.723 0.0615692 4824 4288
130.846 0.123581 4288 4824
130.907 0.0610657 4824 5360
130.969 0.061554 5360 5896
131.031 0.0620422 5896 5360
131.031 0.000457764 5360 4969
131.032 0.000473022 4969 4422
131.032 0.000473022 4422 4288
131.093 0.0601349 4288 4422
131.154 0.0615692 4422 4824
131.158 0.00422668 4824 5360
131.22 0.0615387 5360 5896
131.281 0.0610809 5896 6432
131.34 0.0587463 6432 5896
131.34 0.000473022 5896 5514
131.342 0.00140381 5514 4824
131.405 0.062973 4824 4288
131.466 0.061554 4288 4824
131.528 0.061554 4824 5360
131.589 0.061554 5360 5896
131.712 0.12262 5896 6432
131.774 0.0625 6432 5896
131.775 0.000473022 5896 5514
131.775 0.000473022 5514 4824
131.835 0.0601654 4824 4288
131.837 0.00187683 4288 4824
131.958 0.120773 4824 5360
132.022 0.0643768 5360 4824
132.023 0.000473022 4824 4288
132.084 0.0610809 4288 4824
132.27 0.185608 4824 4288
132.332 0.062561 4288 3752
132.394 0.0615692 3752 4288
132.454 0.0601654 4288 3752
132.64 0.186066 3752 3216
132.764 0.123596 3216 3752
132.825 0.0610657 3752 3828
132.886 0.061554 3828 4288
132.949 0.062973 4288 3752
132.95 0.000473022 3752 3216
133.812 0.861923 3216 2680
133.873 0.0615692 2680 3216
133.888 0.0149384 3216 536
134.211 0.32309 536 1072
134.273 0.062027 1072 1608
134.536 0.262482 1608 2144
134.598 0.062027 2144 2680
134.598 0 2680 2787
134.599 0.000946045 2787 2890
134.661 0.0620117 2890 2989
134.722 0.0615387 2989 3085
134.784 0.061554 3085 3178
134.845 0.0615387 3178 3268
134.907 0.061554 3268 3355
134.968 0.0610657 3355 3440
134.97 0.00189209 3440 3523
135.031 0.0610657 3523 3604
135.092 0.0610809 3604 3683
135.154 0.0620117 3683 3761
135.155 0.000946045 3761 3837
135.217 0.0620422 3837 3216
135.217 0.000473022 3216 2680
135.34 0.122162 2680 2787
135.403 0.0634308 2787 2144
135.465 0.061554 2144 2251
135.526 0.0615387 2251 2378
135.586 0.0601654 2378 2498
135.588 0.00186157 2498 2613
135.648 0.0601654 2613 2722
135.65 0.00184631 2722 2827
135.712 0.0615387 2827 2928
135.773 0.061554 2928 3026
135.835 0.0615387 3026 3120
135.896 0.061554 3120 3212
135.958 0.0615387 3212 3301
136.019 0.061554 3301 3388
136.081 0.062027 3388 2680
136.082 0.000473022 2680 2251
136.082 0.000473022 2251 2144
136.143 0.0606079 2144 2251
136.205 0.0615692 2251 2378
136.267 0.062027 2378 1608
136.328 0.061554 1608 1842
136.389 0.0610809 1842 1997
136.451 0.061554 1997 2140
136.636 0.185669 2140 1072
136.698 0.0615692 1072 1604
136.76 0.0615692 1604 536
136.821 0.0615387 536 1604
136.821 0 1604 1783
136.883 0.062027 1783 1944
137.883 1 1944 536
137.945 0.061554 536 1072
138.068 0.123093 1072 1608
138.068 0 1608 1786
138.33 0.262497 1786 1946
138.392 0.0620117 1946 2093
138.454 0.061554 2093 2230
138.515 0.0615387 2230 2358
138.516 0.000946045 2358 2479
138.577 0.0610657 2479 2594
138.578 0.000946045 2594 2704
138.639 0.0610809 2704 2810
138.701 0.0615387 2810 2912
138.763 0.0615692 2912 2144
138.763 0.000473022 2144 1608
138.764 0.000488281 1608 1408
138.764 0.000473022 1408 1072
138.824 0.0601044 1072 1408
139.009 0.184708 1408 536
139.07 0.0615387 536 1072
139.07 0 1072 1340
139.132 0.0620117 1340 1554
139.194 0.062027 1554 1738
139.256 0.0620117 1738 1903
139.518 0.262024 1903 2053
139.58 0.0620117 2053 2192
139.642 0.061554 2192 2323
139.643 0.000930786 2323 2446
139.704 0.0610809 2446 2563
139.705 0.000946045 2563 2675
139.766 0.0610657 2675 2782
139.767 0.000946045 2782 2885
139.829 0.062027 2885 2984
139.891 0.0615387 2984 3080
139.952 0.061554 3080 3173
140.014 0.0615387 3173 3263
140.075 0.0615387 3263 3351
140.136 0.0610809 3351 3436
140.138 0.00189209 3436 3519
140.199 0.0610657 3519 3600
140.261 0.0620422 3600 2680
140.262 0.000473022 2680 2144
140.262 0.000473022 2144 1608
140.322 0.0596771 1608 1072
140.584 0.262009 1072 1340
140.769 0.184692 1340 536
140.83 0.061554 536 1072
140.83 0 1072 1340
140.892 0.0620117 1340 1554
140.954 0.062027 1554 1738
141.016 0.0620117 1738 1903
141.078 0.0615387 1903 2053
141.139 0.061554 2053 2192
141.201 0.0615387 2192 2323
141.202 0.000946045 2323 2446
141.264 0.062027 2446 2563
141.326 0.0620117 2563 2675
141.327 0.000946045 2675 2782
141.388 0.0610657 2782 2885
141.449 0.061554 2885 2984
141.511 0.0615387 2984 3080
141.572 0.061554 3080 3173
141.634 0.062027 3173 2144
141.635 0.000976562 2144 1608
141.636 0.000457764 1608 1072
141.758 0.121689 1072 1340
141.82 0.0620117 1340 1554
141.882 0.0620117 1554 1738
141.944 0.062027 1738 1903
142.206 0.262009 1903 2053
142.268 0.062027 2053 2192
142.329 0.0615387 2192 2323
142.33 0.000946045 2323 2446
142.453 0.122681 2446 1608
142.453 0.000473022 1608 1072
142.576 0.12265 1072 536
142.637 0.061554 536 1072
142.637 0 1072 1340
142.7 0.0620117 1340 1554
142.762 0.0620117 1554 1738
142.824 0.062027 1738 1903
142.885 0.0615387 1903 2053
142.947 0.061554 2053 2192
143.008 0.0615387 2192 2323
143.009 0.000946045 2323 2446
143.07 0.0610809 2446 2563
143.071 0.000930786 2563 2675
143.132 0.0610809 2675 2782
143.133 0.000946045 2782 2885
143.195 0.0620117 2885 2984
143.257 0.061554 2984 3080
143.318 0.0615387 3080 3173
143.38 0.061554 3173 3263
143.441 0.0615387 3263 3351
143.443 0.00189209 3351 3436
143.504 0.0610657 3436 3519
143.565 0.0610809 3519 3600
143.627 0.061554 3600 2680
143.627 0.000473022 2680 2144
143.628 0.000976562 2144 1608
143.629 0.000457764 1608 1072
143.75 0.121185 1072 1340
143.812 0.062027 1340 1554
143.874 0.0620117 1554 1738
143.936 0.062027 1738 1903
143.998 0.0615387 1903 2053
144.059 0.0615387 2053 2192
144.121 0.061554 2192 2323
144.183 0.0620422 2323 1608
144.183 0.000488281 1608 1072
144.505 0.322144 1072 1340
144.69 0.184692 1340 536
144.752 0.061554 536 1072
144.752 0 1072 1340
144.814 0.0620117 1340 1554
144.876 0.0620117 1554 1738
144.938 0.062027 1738 1903
144.999 0.0615387 1903 2053
145.061 0.061554 2053 2192
145.122 0.0615387 2192 2323
145.123 0.000946045 2323 2446
145.184 0.0610657 2446 2563
145.185 0.000946045 2563 2675
145.246 0.0610809 2675 2782
145.247 0.000946045 2782 2885
145.309 0.0620117 2885 2984
145.371 0.061554 2984 3080
145.432 0.0615387 3080 3173
145.494 0.0615387 3173 3263
145.556 0.061554 3263 3351
145.618 0.0625305 3351 2680
145.619 0.000473022 2680 2144
145.678 0.0596771 2144 1072
145.802 0.12355 1072 1340
145.987 0.185181 1340 536
146.048 0.0615387 536 1072
146.048 0 1072 1340
146.11 0.0620117 1340 1554
146.173 0.062027 1554 1738
146.235 0.0620117 1738 1903
146.358 0.123138 1903 1072
146.481 0.123077 1072 1340
146.543 0.062027 1340 1554
146.605 0.0620117 1554 1738
146.667 0.062027 1738 1903
146.728 0.0615387 1903 2053
146.79 0.061554 2053 2192
146.852 0.0625 2192 1608
146.913 0.0606232 1608 1072
146.914 0.000930786 1072 1340
146.976 0.0620117 1340 1554
147.038 0.0620117 1554 1738
147.1 0.062027 1738 1903
147.162 0.0615387 1903 2053
147.223 0.061554 2053 2192
147.285 0.0615387 2192 2323
147.286 0.000946045 2323 2446
147.347 0.0610657 2446 2563
147.348 0.000946045 2563 2675
147.409 0.0610809 2675 2782
147.41 0.000946045 2782 2885
147.472 0.0620117 2885 2984
147.533 0.061554 2984 3080
147.595 0.0615387 3080 3173
147.717 0.122635 3173 2680
147.718 0.000961304 2680 2144
147.719 0.000473022 2144 1608
147.778 0.0596466 1608 1072
147.902 0.123123 1072 536
147.963 0.061554 536 1072
147.963 0 1072 1340
148.025 0.0620117 1340 1554
148.087 0.0620117 1554 1738
148.149 0.062027 1738 1903
148.211 0.0615387 1903 2053
148.272 0.061554 2053 2192
148.334 0.0615387 2192 2323
148.335 0.000946045 2323 2446
148.396 0.0610809 2446 2563
148.397 0.000930786 2563 2675
148.459 0.0620422 2675 1608
148.52 0.0611115 1608 1072
149.397 0.876846 1072 536
149.458 0.0615692 536 1072
149.458 0 1072 1340
149.581 0.123093 1340 1554
149.643 0.0620117 1554 1738
149.705 0.062027 1738 1903
149.767 0.0615387 1903 2053
149.829 0.061554 2053 2192
149.89 0.0615387 2192 2323
149.891 0.000946045 2323 2446
149.952 0.0610809 2446 2563
149.953 0.000930786 2563 2675
150.014 0.0610809 2675 2782
150.015 0.000946045 2782 2885
150.077 0.0620117 2885 2984
150.139 0.061554 2984 3080
150.2 0.0615387 3080 3173
150.262 0.061554 3173 3263
150.323 0.0615387 3263 3351
150.384 0.0610657 3351 3436
150.386 0.00189209 3436 3519
150.447 0.0610809 3519 3600
150.508 0.0610657 3600 3679
150.51 0.00189209 3679 3757
150.571 0.0610657 3757 3833
150.633 0.061554 3833 4288
150.695 0.0625153 4288 3752
150.696 0.000457764 3752 3216
150.88 0.184189 3216 3305
150.941 0.0605774 3305 3391
150.943 0.00238037 3391 3475
151.064 0.121216 3475 2680
151.126 0.0615387 2680 2939
151.129 0.00286865 2939 3036
151.19 0.061554 3036 3130
151.252 0.0615387 3130 3221
151.313 0.0615387 3221 3310
151.376 0.0625153 3310 2680
151.438 0.0620117 2680 2774
151.499 0.0610962 2774 2877
151.56 0.061554 2877 2976
151.622 0.0615387 2976 3072
151.684 0.061554 3072 3165
151.745 0.0615387 3165 3255
151.867 0.122162 3255 2144
151.929 0.0615692 2144 2680
151.929 0.000457764 2680 2719
151.991 0.061554 2719 2824
152.052 0.061554 2824 2925
152.114 0.0615387 2925 3023
152.175 0.061554 3023 3118
152.237 0.0615387 3118 3210
152.299 0.061554 3210 3299
152.36 0.0615387 3299 3386
152.362 0.00189209 3386 3470
152.423 0.0610657 3470 3552
152.484 0.0610809 3552 3632
152.546 0.0620117 3632 3711
152.547 0.000946045 3711 3788
152.609 0.062027 3788 3863
152.671 0.0615387 3863 4288
152.855 0.184662 4288 3752
152.856 0.000473022 3752 3216
152.918 0.062027 3216 2680
152.979 0.061554 2680 3216
153.04 0.0606384 3216 3305
153.044 0.00376892 3305 3391
153.103 0.0596161 3391 3475
153.164 0.0606537 3475 3557
153.227 0.0629425 3557 2680
153.289 0.0615692 2680 3021
153.35 0.0610962 3021 3116
153.411 0.061554 3116 3208
153.473 0.0615387 3208 3297
153.534 0.061554 3297 3384
153.536 0.00187683 3384 3468
153.597 0.0610809 3468 3550
153.658 0.0610657 3550 3630
153.66 0.00189209 3630 3709
153.721 0.0610809 3709 3786
153.784 0.062973 3786 3752
153.785 0.000473022 3752 3285
153.844 0.0596771 3285 3021
153.845 0.000473022 3021 2680
153.845 0.000457764 2680 3021
153.906 0.0610809 3021 3116
153.968 0.0615692 3116 2144
154.03 0.061554 2144 2580
154.091 0.0615387 2580 2691
154.093 0.00189209 2691 2797
154.155 0.0615387 2797 2899
154.216 0.061554 2899 2998
154.278 0.0615387 2998 3093
154.339 0.061554 3093 3185
154.401 0.0615387 3185 3275
154.464 0.0634613 3275 2680
154.524 0.0596619 2680 2580
154.586 0.0624847 2580 2691
154.588 0.00140381 2691 2797
154.649 0.061554 2797 2899
154.711 0.0615387 2899 2998
154.772 0.061554 2998 3093
154.834 0.0615387 3093 3185
154.895 0.061554 3185 3275
154.957 0.0615387 3275 3362
155.018 0.0610809 3362 3447
155.02 0.00187683 3447 3530
155.081 0.0610809 3530 3611
155.082 0.000946045 3611 3690
155.144 0.0620117 3690 3767
155.205 0.0610809 3767 3843
155.267 0.0615387 3843 4288
155.452 0.185135 4288 3752
155.452 0.000473022 3752 3216
155.575 0.12262 3216 3752
155.578 0.00334167 3752 3216
155.701 0.123108 3216 3752
155.762 0.0605774 3752 3828
155.823 0.0615387 3828 4288
155.949 0.125473 4288 4824
156.011 0.0620422 4824 4288
156.011 0.000473022 4288 3874
156.069 0.057724 3874 3618
156.07 0.000473022 3618 3216
156.072 0.00286865 3216 3618
156.135 0.0620422 3618 3752
156.196 0.0610809 3752 3828
156.257 0.0615387 3828 4288
156.383 0.125458 4288 4824
156.444 0.0610809 4824 4288
156.444 0.000473022 4288 3874
156.445 0.000473022 3874 3618
156.445 0.000473022 3618 3216
156.505 0.0601349 3216 3618
156.626 0.121201 3618 2680
156.628 0.00149536 2680 2144
156.688 0.0600739 2144 2680
156.689 0.00146484 2680 3082
156.75 0.0605621 3082 3175
156.812 0.061554 3175 3265
156.934 0.122162 3265 2680
157.491 0.556961 2680 2144
157.552 0.061554 2144 2680
157.872 0.319916 2680 536
158.195 0.323105 536 1072
158.257 0.0620117 1072 1608
158.319 0.0620117 1608 2144
158.319 0 2144 2278
158.381 0.061554 2278 2404
158.382 0.000946045 2404 2523
158.443 0.0610657 2523 2636
158.444 0.000946045 2636 2744
158.505 0.0610809 2744 2848
158.566 0.0615387 2848 2948
158.628 0.0615387 2948 3045
158.752 0.123627 3045 2144
158.753 0.000946045 2144 1608
158.813 0.0606232 1608 2144
158.876 0.0629578 2144 2278
158.937 0.0610809 2278 2404
158.938 0.000930786 2404 2523
158.999 0.0610809 2523 2636
159 0.000946045 2636 2744
159.061 0.0610657 2744 2848
159.123 0.061554 2848 2948
159.184 0.0615387 2948 3045
159.246 0.061554 3045 3139
159.307 0.0615387 3139 3230
159.369 0.061554 3230 3318
159.371 0.00187683 3318 3404
159.432 0.0610809 3404 3488
159.493 0.0610657 3488 3570
159.495 0.00189209 3570 3650
159.556 0.0610809 3650 3728
159.617 0.0610657 3728 3805
159.619 0.00189209 3805 3880
159.681 0.0620117 3880 4288
159.804 0.12262 4288 4824
159.865 0.0610809 4824 5360
159.926 0.0615387 5360 5896
159.989 0.0625153 5896 5360
159.989 0.000473022 5360 4969
159.99 0.000473022 4969 4422
159.99 0.000473022 4422 4288
160.052 0.0615387 4288 4422
160.111 0.0596924 4422 3752
160.173 0.061554 3752 3886
