Waf: Entering directory `/home/anon/tarball/ns-allinone-3.35/ns-3.35/build'
Waf: Leaving directory `/home/anon/tarball/ns-allinone-3.35/ns-3.35/build'
Build commands will be stored in build/compile_commands.json
'build' finished successfully (0.606s)
0.0602784 0.0602784 0 5360
0.121867 0.0615888 5360 5896
0.122811 0.000943996 5896 6432
0.123755 0.000944003 6432 6968
0.124699 0.000943996 6968 7504
0.125643 0.000943996 7504 8040
0.183413 0.0577696 8040 8576
0.184357 0.000943989 8576 9112
0.185301 0.000944003 9112 9648
0.18768 0.00237921 9648 9112
0.434373 0.246693 9112 8576
0.435317 0.000943989 8576 8040
0.495938 0.0606208 8040 8576
0.619501 0.123563 8576 8040
0.742139 0.122638 8040 8576
0.803685 0.0615456 8576 9112
0.869498 0.0658128 9112 8576
0.86997 0.000472009 8576 8040
0.929174 0.0592048 8040 7504
0.931062 0.00188798 7504 8040
1.05181 0.12075 8040 8576
1.235 0.183182 8576 9112
1.24351 0.00851512 9112 9648
1.30506 0.0615456 9648 10184
1.36568 0.0606208 10184 9648
1.36615 0.000472069 9648 9342
1.36662 0.00047195 9342 9189
1.36709 0.000472069 9189 9036
1.36756 0.00047195 9036 8040
1.48739 0.119826 8040 8576
1.67154 0.184146 8576 9112
1.73261 0.0610737 9112 9648
1.79416 0.0615456 9648 10184
1.91674 0.122581 10184 10720
1.98302 0.0662848 10720 10184
1.984 0.000982404 10184 9843
1.98448 0.000472069 9843 9673
1.98495 0.00047195 9673 9502
1.98542 0.00047195 9502 9332
2.03796 0.0525392 9332 9161
2.03843 0.000472069 9161 8991
2.0389 0.00047183 8991 8040
2.04175 0.00285125 8040 7504
2.04459 0.00283217 7504 8040
2.16726 0.122677 8040 7504
2.16917 0.00190735 7504 6968
2.226 0.0568256 6968 6432
2.22885 0.00285101 6432 6968
2.23073 0.00188804 6968 7504
2.41254 0.181805 7504 6968
2.53378 0.121242 6968 6432
2.60195 0.0681727 6432 5896
2.66495 0.0630002 5896 5360
2.7265 0.0615456 5360 5896
2.78806 0.0615647 5896 6432
2.84583 0.0577695 6432 5896
2.85059 0.00475836 5896 5360
2.9074 0.0568066 5360 5896
2.97323 0.0658319 5896 6432
3.09536 0.122128 6432 6968
3.15692 0.0615649 6968 6432
3.1574 0.00047183 6432 5896
3.27954 0.122147 5896 6432
3.34445 0.0649071 6432 5896
3.39888 0.0544274 5896 5360
3.40458 0.00570226 5360 5896
3.52956 0.124979 5896 6432
3.65265 0.123091 6432 6968
3.71372 0.0610735 6968 7504
3.77527 0.0615456 7504 8040
3.83872 0.0634527 8040 7504
3.83968 0.000963211 7504 7142
3.84016 0.000472069 7142 6961
3.84063 0.000472069 6961 5896
3.90078 0.0601487 5896 6030
3.90316 0.00237918 6030 5896
3.95857 0.0554097 5896 5360
3.95904 0.000472069 5360 4824
4.02013 0.0610926 4824 6030
4.08168 0.0615458 6030 6432
4.14843 0.0667567 6432 5896
4.51489 0.366461 5896 5360
4.57744 0.0625472 5360 4824
4.63993 0.0624895 4824 5360
4.7607 0.12077 5360 4824
4.76117 0.000472069 4824 4288
4.82272 0.0615458 4288 4824
5.25733 0.434614 4824 4288
5.38328 0.125942 4288 3752
5.50591 0.122639 3752 4288
5.56842 0.0625086 4288 3752
5.6281 0.0596766 3752 3216
5.62999 0.00188828 3216 3752
5.75076 0.12077 3752 3216
5.87481 0.124054 3216 2680
5.99698 0.122167 2680 2787
6.05901 0.0620365 2787 2144
6.12056 0.0615458 2144 2251
6.18212 0.0615644 2251 2378
6.18639 0.00426722 2378 2498
6.24414 0.0577507 2498 2613
6.24841 0.00426722 2613 2722
6.30616 0.0577502 2722 2827
6.36771 0.0615458 2827 2928
6.42925 0.0615454 2928 3026
6.49508 0.0658321 3026 2144
6.55663 0.0615454 2144 2251
6.61817 0.0615458 2251 2378
6.67594 0.0577693 2378 2498
6.68019 0.00424814 2498 2613
6.73796 0.0577698 2613 2722
6.74221 0.00424767 2722 2827
6.80376 0.0615458 2827 2928
6.8653 0.0615454 2928 3026
6.92685 0.0615458 3026 3120
6.98839 0.0615454 3120 3212
7.04994 0.0615458 3212 3301
7.11148 0.0615454 3301 3388
7.16972 0.0582418 3388 3472
7.17444 0.00471973 3472 3554
7.23552 0.0610738 3554 3634
7.29376 0.0582414 3634 3713
7.29848 0.00472021 3713 3790
7.35955 0.0610738 3790 3865
7.4211 0.0615454 3865 4288
7.60292 0.181824 4288 3752
7.60672 0.00379515 3752 3216
7.60766 0.000943661 3216 2680
7.66449 0.0568256 2680 3216
7.73077 0.0662851 3216 3305
7.7876 0.0568256 3305 3391
7.79373 0.00613594 3391 3475
7.85481 0.0610733 3475 3557
7.91163 0.0568256 3557 3637
7.91777 0.00613594 3637 3715
7.97884 0.0610738 3715 3792
8.03567 0.0568252 3792 3867
8.1029 0.0672293 3867 3216
8.22601 0.123111 3216 3752
8.28331 0.0572968 3752 3828
8.34534 0.0620375 3828 3216
8.41304 0.0677004 3216 3305
8.47363 0.0605822 3305 3391
8.47506 0.00143528 3391 3475
8.53659 0.0615263 3475 3557
8.59766 0.0610743 3557 3637
8.59955 0.00188732 3637 3715
8.66062 0.0610743 3715 3792
8.7217 0.0610733 3792 3867
8.78324 0.0615454 3867 4288
8.84479 0.0615463 4288 4355
8.84668 0.00188732 4355 4420
8.96931 0.122639 4420 3752
8.96979 0.000472069 3752 3315
8.97026 0.000472069 3315 3216
9.03133 0.0610733 3216 3315
9.0929 0.0615654 3315 3752
9.15397 0.0610733 3752 3828
9.21552 0.0615454 3828 4288
9.40204 0.186524 4288 4824
9.46311 0.0610743 4824 5360
9.52466 0.0615454 5360 5896
9.59045 0.065794 5896 6432
9.71307 0.122619 6432 6968
9.77415 0.0610733 6968 7504
9.83569 0.0615463 7504 8040
9.95831 0.122619 8040 8576
10.0875 0.129228 8576 9112
10.1486 0.0610733 9112 9648
10.2102 0.0615454 9648 10184
10.2689 0.058733 10184 9648
10.2694 0.000472069 9648 9304
10.2698 0.000472069 9304 9132
10.2703 0.000472069 9132 8959
10.2708 0.000472069 8959 8787
10.2717 0.000944138 8787 7638
10.2722 0.000472069 7638 7504
10.3309 0.058713 7504 7638
10.3925 0.0615654 7638 8040
10.4535 0.0610733 8040 8576
10.5137 0.0601292 8576 8040
10.5141 0.000472069 8040 7638
10.5151 0.000963211 7638 7504
10.5189 0.00377655 7504 6968
10.5752 0.0563536 6968 7638
10.5767 0.00145435 7638 7504
10.5776 0.000944138 7504 6968
10.5805 0.00281239 6968 7504
10.6392 0.058733 7504 7638
10.7007 0.0615644 7638 8040
10.8234 0.12262 8040 8576
10.83 0.00660801 8576 8040
10.8835 0.0535021 8040 7638
10.885 0.00147343 7638 7504
10.8859 0.000944138 7504 6968
10.892 0.00611687 6968 7638
10.9465 0.0545044 7638 7504
10.9474 0.000925064 7504 7638
10.9522 0.00473881 7638 6968
11.0142 0.0619984 6968 7102
11.0715 0.0573359 7102 6432
11.1331 0.0615644 6432 6566
11.1336 0.000472069 6566 6432
11.134 0.000472069 6432 5896
11.1956 0.0615463 5896 6566
11.3821 0.186563 6566 5896
11.4442 0.0620174 5896 6030
11.5057 0.0615654 6030 6432
11.563 0.0573168 6432 5896
11.5673 0.00426674 5896 5360
11.6246 0.0572977 5360 5896
11.6895 0.0648689 5896 6432
11.7529 0.0634336 6432 5896
12.0607 0.307786 5896 5360
12.2463 0.185618 5360 4824
12.3036 0.0572596 4824 4288
12.3079 0.00430584 4288 4824
12.3647 0.0568066 4824 4288
12.3651 0.000452042 4288 4824
12.3699 0.00479698 4824 4288
12.4305 0.0606213 4288 3752
12.4921 0.0615454 3752 4288
12.5532 0.0610924 4288 4824
12.6118 0.0586376 4824 5360
12.6734 0.0615454 5360 5896
12.742 0.0686827 5896 6432
12.9219 0.179859 6432 6968
12.983 0.0610743 6968 7504
13.0445 0.0615454 7504 8040
13.1137 0.0691748 8040 7504
13.1142 0.000472069 7504 7142
13.1151 0.000963211 7142 6961
13.1681 0.0529919 6961 6030
13.1686 0.000472069 6030 5360
13.1753 0.00666523 5360 6030
13.2373 0.0620365 6030 6432
13.2993 0.0620375 6432 5896
13.4177 0.11839 5896 5360
13.6629 0.245161 5360 5896
13.6715 0.00859261 5896 6432
13.7335 0.0620365 6432 5896
13.7865 0.0529537 5896 5360
13.9115 0.124998 5360 4824
13.9726 0.0611124 4824 4288
13.974 0.00139713 4288 4824
14.0394 0.0654364 4824 4288
14.1625 0.123092 4288 4824
14.2212 0.0586557 4824 5360
14.2827 0.0615454 5360 5896
14.2866 0.00385284 5896 5360
14.288 0.00145435 5360 4969
14.2885 0.000472069 4969 4422
14.3424 0.0538979 4422 4288
14.3481 0.00572109 4288 4422
14.4097 0.0615654 4422 4824
14.4697 0.0600529 4824 5360
14.5313 0.0615454 5360 5896
14.591 0.0596762 5896 5360
14.5914 0.000472069 5360 4969
14.5919 0.000472069 4969 4422
14.5924 0.000472069 4422 4288
14.6525 0.0601301 4288 4422
14.714 0.0615454 4422 4824
14.7184 0.00436306 4824 4288
14.8372 0.118767 4288 3752
14.8987 0.0615454 3752 4288
14.9036 0.00483513 4288 4824
15.0228 0.119219 4824 4288
15.1512 0.128437 4288 3752
15.2738 0.122639 3752 4288
15.3354 0.0615454 4288 4824
15.4546 0.119162 4824 5360
15.5215 0.0669107 5360 4824
15.5224 0.000963211 4824 4422
15.5229 0.000472069 4422 4020
15.5777 0.0547838 4020 3216
15.5835 0.00581741 3216 4020
15.7071 0.123582 4020 4288
15.7686 0.0615654 4288 3216
15.8307 0.0620365 3216 3752
16.262 0.431292 3752 3828
16.3235 0.0615444 3828 3903
16.3837 0.0601501 3903 3216
16.4452 0.0615444 3216 3367
16.5106 0.0653419 3367 3452
16.5716 0.0610542 3452 3535
16.6308 0.0592041 3535 3616
16.6346 0.00377655 3616 3695
16.6956 0.0610542 3695 3772
16.7549 0.0592041 3772 3848
16.8164 0.0615463 3848 4288
16.9432 0.126848 4288 4824
17.0029 0.0596771 4824 5360
17.0645 0.0615444 5360 5896
17.127 0.0625095 5896 5360
17.1274 0.000471115 5360 4969
17.1279 0.000473022 4969 4422
17.1288 0.000925064 4422 4288
17.1886 0.0597153 4288 3752
17.189 0.000452042 3752 4422
17.1904 0.00139618 4422 4288
17.2501 0.0596962 4288 4422
17.3117 0.0615654 4422 4824
17.4343 0.12262 4824 5360
17.5574 0.12311 5360 4824
17.5579 0.000473022 4824 4422
17.5583 0.000471115 4422 4288
17.6189 0.0606022 4288 4422
17.6805 0.0615444 4422 4824
17.7463 0.0658131 4824 5360
17.9281 0.181786 5360 5896
17.9901 0.0620556 5896 5360
17.9906 0.000473022 5360 4969
17.9911 0.000471115 4969 3752
18.0517 0.0606213 3752 4422
18.1171 0.0653419 4422 3752
18.1786 0.0615444 3752 3886
18.2383 0.0596771 3886 4288
18.3651 0.126867 4288 4824
18.4248 0.0596581 4824 5360
18.4849 0.0601482 5360 4824
18.4854 0.000471115 4824 4422
18.4859 0.000473022 4422 4020
18.4864 0.000471115 4020 3752
18.5465 0.0601311 3752 4020
18.6076 0.0610924 4020 4288
18.6692 0.0615654 4288 3752
18.7359 0.0667553 3752 4288
18.7975 0.0615463 4288 4824
18.8571 0.0596199 4824 5360
18.9186 0.0615444 5360 5896
18.9835 0.0649071 5896 5360
19.0403 0.0568066 5360 4969
19.0408 0.000473022 4969 4422
19.0417 0.000944138 4422 4288
19.0451 0.0033226 4288 4422
19.1066 0.0615654 4422 4824
19.1677 0.0610542 4824 5360
19.2292 0.0615444 5360 5896
19.3518 0.122601 5896 6432
19.4745 0.122639 6432 5896
19.4749 0.000471115 5896 5514
19.4759 0.000944138 5514 4824
19.5971 0.121223 4824 5360
19.6009 0.00379372 5360 4824
19.6014 0.000473022 4824 4288
19.6611 0.0596962 4288 3752
19.663 0.00188828 3752 4288
19.7226 0.0596752 4288 4824
20.0314 0.308807 4824 4288
20.093 0.0615654 4288 4824
20.2768 0.183769 4824 4288
20.5971 0.320332 4288 536
20.6587 0.0615635 536 1072
20.7818 0.123093 1072 1608
20.8438 0.0620174 1608 2144
20.9053 0.0615444 2144 2680
20.9063 0.000944138 2680 3216
20.9673 0.0610733 3216 3752
20.9683 0.000944138 3752 3828
21.0914 0.123112 3828 3216
21.1529 0.0615444 3216 3292
21.2145 0.0615654 3292 3752
21.2174 0.00285149 3752 3216
21.3405 0.12311 3216 3752
21.4015 0.0610542 3752 3828
21.4631 0.0615463 3828 4288
21.5885 0.12545 4288 4824
21.6496 0.0610733 4824 5360
21.7112 0.0615654 5360 4824
21.7116 0.000473022 4824 4422
21.7121 0.000471115 4422 4020
21.7126 0.000473022 4020 3752
21.7727 0.0601292 3752 4020
21.8338 0.0610924 4020 4288
21.8953 0.0615463 4288 4824
21.9569 0.0615635 4824 4288
21.9574 0.000473022 4288 4020
21.9579 0.000471115 4020 3752
22.0185 0.0606022 3752 4020
22.1411 0.122639 4020 3216
22.2026 0.0615444 3216 3484
22.2647 0.0620384 3484 2680
22.3262 0.0615444 2680 2948
22.3873 0.0610924 2948 3045
22.4489 0.0615463 3045 3139
22.5104 0.0615463 3139 3230
22.572 0.0615444 3230 3318
22.5748 0.00281334 3318 3404
22.6349 0.0601482 3404 3488
22.696 0.0610733 3488 3570
22.6988 0.00281334 3570 3650
22.759 0.0601482 3650 3728
22.82 0.0610752 3728 3805
22.8228 0.00281143 3805 3880
22.8844 0.0615463 3880 4288
23.0066 0.122166 4288 4355
23.0686 0.0620174 4355 4824
23.1296 0.0610752 4824 5360
23.133 0.0033226 5360 4824
23.1912 0.0582409 4824 4422
23.1917 0.000473022 4422 4020
23.1922 0.000471115 4020 3752
23.195 0.00283241 3752 4020
23.2561 0.0610924 4020 4288
23.3172 0.0610924 4288 3752
23.3787 0.0615654 3752 3216
23.4403 0.0615654 3216 3752
23.9319 0.491611 3752 3216
23.9935 0.0615654 3216 3752
24.2561 0.2626 3752 536
24.5792 0.323092 536 1072
24.6412 0.0620174 1072 1608
24.7032 0.0620174 1608 2144
24.7647 0.0615463 2144 2680
24.7657 0.000944138 2680 3216
24.7657 0 3216 3305
24.8277 0.0620174 3305 3391
24.8902 0.0625076 3391 2680
24.9522 0.0620174 2680 2855
25.0138 0.0615845 2855 2144
25.0758 0.0620174 2144 2319
25.1374 0.0615654 2319 2442
25.1985 0.0610733 2442 2559
25.1994 0.000944138 2559 2671
25.2605 0.0610733 2671 2778
25.2614 0.000944138 2778 2881
25.3235 0.0620174 2881 2980
25.385 0.0615463 2980 3076
25.4465 0.0615444 3076 3169
25.5081 0.0615463 3169 3259
25.5696 0.0615463 3259 3347
25.6307 0.0610733 3347 3432
25.6326 0.00188828 3432 3515
25.6937 0.0610733 3515 3596
25.7552 0.0615654 3596 2680
25.7557 0.000471115 2680 2319
25.8159 0.0601482 2319 2144
25.8173 0.00139809 2144 2319
25.8788 0.0615635 2319 2442
25.9399 0.0610752 2442 2559
25.9408 0.00094223 2559 2671
26.064 0.123131 2671 1608
26.1255 0.0615444 1608 2135
26.1265 0.000944138 2135 2269
26.188 0.0615463 2269 2395
26.1889 0.000944138 2395 2514
26.25 0.0610733 2514 2628
26.251 0.000944138 2628 2737
26.313 0.0620365 2737 2144
26.3135 0.000473022 2144 2135
26.3736 0.0601482 2135 1608
26.3745 0.000925064 1608 2135
26.4356 0.0610924 2135 2269
26.4972 0.0615463 2269 2395
26.4981 0.000944138 2395 2514
26.5592 0.0610733 2514 2628
26.5601 0.000944138 2628 2737
26.6212 0.0610733 2737 2841
26.6837 0.0625076 2841 2144
26.6842 0.000473022 2144 2135
26.7443 0.0601482 2135 1608
26.7453 0.000925064 1608 2135
27.0068 0.261564 2135 2269
27.0689 0.0620174 2269 2395
27.1309 0.0620384 2395 1608
27.1924 0.0615444 1608 1859
27.2535 0.0610924 1859 2013
28.2535 1 2013 536
28.3151 0.0615654 536 1072
28.5771 0.262018 1072 1608
28.6391 0.0620174 1608 1786
28.7007 0.0615444 1786 1946
28.8238 0.123131 1946 1072
28.8854 0.0615444 1072 1410
28.9469 0.0615463 1410 1613
29.0089 0.0620174 1613 1791
29.2709 0.262018 1791 1951
29.333 0.0620174 1951 2098
29.3945 0.0615463 2098 2234
29.456 0.0615444 2234 2362
29.457 0.000944138 2362 2483
29.5181 0.0610733 2483 2598
29.519 0.000944138 2598 2708
29.5801 0.0610733 2708 2814
29.6416 0.0615463 2814 2916
29.7041 0.0624886 2916 3014
29.7657 0.0615463 3014 3109
29.8272 0.0615463 3109 3201
29.8887 0.0615444 3201 3290
29.9503 0.0615463 3290 3377
30.0123 0.0620174 3377 3462
30.0133 0.000944138 3462 3544
30.0753 0.0620174 3544 3625
30.1363 0.0610733 3625 3704
30.1382 0.00188828 3704 3781
30.1993 0.0610733 3781 3856
30.2614 0.0620556 3856 3216
30.2618 0.000473022 3216 2680
30.2623 0.000471115 2680 1608
30.3215 0.059206 1608 1410
30.322 0.000471115 1410 1072
30.3229 0.000944138 1072 1410
30.4451 0.122147 1410 1613
30.5071 0.0620193 1613 1791
30.5686 0.0615444 1791 1951
30.6302 0.0615463 1951 2098
30.6917 0.0615444 2098 2234
30.7533 0.0615463 2234 2362
30.7542 0.000944138 2362 2483
30.8153 0.0610733 2483 2598
30.8162 0.000944138 2598 2708
30.8773 0.0610733 2708 2814
30.9389 0.0615463 2814 2916
31.0004 0.0615444 2916 3014
31.0619 0.0615463 3014 3109
31.1235 0.0615463 3109 3201
31.185 0.0615444 3201 3290
31.2466 0.0615463 3290 3377
31.2485 0.00188828 3377 3462
31.3095 0.0610733 3462 3544
31.3706 0.0610733 3544 3625
31.3725 0.00188828 3625 3704
31.4336 0.0610733 3704 3781
31.4947 0.0610733 3781 3856
31.5562 0.0615463 3856 4288
31.7432 0.187016 4288 3752
31.7437 0.000473022 3752 3216
31.8668 0.12311 3216 3305
31.9288 0.0620174 3305 3391
31.9899 0.0610733 3391 3475
31.9918 0.00188828 3475 3557
32.0533 0.0615654 3557 2680
32.1154 0.0620155 2680 3021
32.1765 0.0610924 3021 3116
32.238 0.0615463 3116 3208
32.2995 0.0615463 3208 3297
32.3611 0.0615463 3297 3384
32.4222 0.0610733 3384 3468
32.4241 0.00188828 3468 3550
32.4851 0.0610733 3550 3630
32.5462 0.0610733 3630 3709
32.5481 0.00188828 3709 3786
32.6092 0.0610733 3786 3861
32.6707 0.0615463 3861 4288
32.7313 0.0606194 4288 3752
32.7318 0.000473022 3752 3216
32.8544 0.12262 3216 3752
32.8573 0.00283051 3752 3828
32.9188 0.0615463 3828 4288
32.9803 0.0615463 4288 4355
33.04 0.0596581 4355 4420
33.0442 0.00424576 4420 4484
33.1063 0.0620193 4484 4824
33.1673 0.0610733 4824 5360
33.2289 0.0615463 5360 5896
33.3492 0.120277 5896 5360
33.3496 0.000473022 5360 4969
33.3525 0.00283051 4969 4422
33.3529 0.000473022 4422 4288
33.4107 0.0577698 4288 4422
33.4723 0.0615463 4422 4824
33.5404 0.0681725 4824 5360
33.663 0.122601 5360 5896
33.7241 0.0610733 5896 6432
33.7856 0.0615425 6432 6968
33.8524 0.0667572 6968 6432
33.905 0.052578 6432 6057
33.9055 0.000473022 6057 5870
33.9092 0.00377655 5870 5226
33.9097 0.000473022 5226 4824
33.9135 0.0038147 4824 4288
33.9144 0.000923157 4288 5226
33.9713 0.0568237 5226 4824
34.156 0.184715 4824 4288
34.1612 0.0052681 4288 3752
34.2176 0.0563164 3752 4288
34.2228 0.0052681 4288 4824
34.2791 0.0563164 4824 4288
34.3407 0.0615654 4288 4824
34.7135 0.372787 4824 4288
34.8959 0.182354 4288 3752
34.9144 0.0185852 3752 536
34.976 0.0615654 536 1072
35.0991 0.123089 1072 1608
35.1611 0.0620193 1608 2144
35.2227 0.0615463 2144 2680
35.2236 0.00094223 2680 3216
35.2236 0 3216 3305
35.2856 0.0620384 3305 2680
35.3472 0.0615463 2680 2769
35.4083 0.0610924 2769 2872
35.4698 0.0615463 2872 2972
35.5314 0.0615425 2972 3068
35.5929 0.0615463 3068 3161
35.6545 0.0615463 3161 3251
35.716 0.0615463 3251 3339
35.778 0.0620346 3339 2680
35.8396 0.0615463 2680 2769
35.9021 0.0625076 2769 2144
35.9636 0.0615463 2144 2233
36.0252 0.0615654 2233 2361
36.0863 0.0610733 2361 2482
36.0872 0.000946045 2482 2597
36.1483 0.0610733 2597 2707
36.1492 0.00094223 2707 2813
36.2113 0.0620193 2813 2915
36.2728 0.0615463 2915 3013
36.3344 0.0615425 3013 3108
36.3959 0.0615463 3108 3200
36.4574 0.0615463 3200 3289
36.519 0.0615463 3289 3376
36.5801 0.0610733 3376 3461
36.582 0.00188828 3461 3544
36.643 0.0610733 3544 3625
36.7041 0.0610733 3625 3704
36.706 0.00188828 3704 3781
36.7671 0.0610733 3781 3856
36.8286 0.0615463 3856 3930
37.0151 0.186543 3930 2680
37.0772 0.0620384 2680 2947
37.1387 0.0615463 2947 3044
37.2003 0.0615425 3044 3138
37.2618 0.0615463 3138 3229
37.3234 0.0615463 3229 3317
37.3844 0.0610733 3317 3403
37.3863 0.00188828 3403 3487
37.4474 0.0610733 3487 3569
37.5085 0.0610733 3569 3649
37.5104 0.00188828 3649 3727
37.5714 0.0610733 3727 3804
37.6325 0.0610733 3804 3879
37.6941 0.0615463 3879 4288
37.8195 0.12545 4288 4824
37.8806 0.0610733 4824 5360
37.9421 0.0615463 5360 5896
38.0647 0.12262 5896 6432
38.2541 0.189358 6432 6968
38.3161 0.0620155 6968 7504
38.3777 0.0615463 7504 8040
38.5623 0.184658 8040 7504
38.5628 0.000469208 7504 7142
38.5633 0.000473022 7142 6961
38.5637 0.000473022 6961 6030
38.5642 0.000473022 6030 5896
38.6239 0.0596542 5896 6030
38.6286 0.00474167 6030 5360
38.6906 0.0620155 5360 5494
38.7522 0.0615654 5494 5896
38.8133 0.0610733 5896 6432
38.8748 0.0615463 6432 6968
38.9969 0.122128 6968 7504
39.1215 0.124527 7504 6968
39.1224 0.000965118 6968 6600
39.1229 0.000469208 6600 6416
39.1234 0.000473022 6416 5360
39.183 0.0596771 5360 5628
39.1854 0.00238037 5628 4824
39.247 0.0615425 4824 5628
39.308 0.0610771 5628 5896
39.4293 0.12122 5896 6432
39.5566 0.127338 6432 5896
39.5571 0.000473022 5896 5628
39.5576 0.000473022 5628 5360
39.6182 0.0606003 5360 5628
39.7408 0.122639 5628 5896
39.8009 0.0601311 5896 6432
39.8625 0.0615463 6432 6968
39.9179 0.0554085 6968 6432
39.9183 0.000473022 6432 6111
39.9188 0.000469208 6111 5628
39.9231 0.00426865 5628 5360
39.9794 0.0563354 5360 5628
40.0471 0.0676994 5628 5896
40.05 0.00284958 5896 6432
40.1129 0.0629425 6432 6968
40.174 0.0610771 6968 7504
40.2355 0.0615425 7504 8040
40.2384 0.00285339 8040 6432
40.2943 0.0558815 6432 6030
40.2947 0.000473022 6030 5896
40.2981 0.0033226 5896 5360
40.3563 0.0582771 5360 5896
40.3568 0.000453949 5896 6030
40.3573 0.000473022 6030 5896
40.3596 0.0023613 5896 6030
40.3606 0.000961304 6030 5896
40.4226 0.0620575 5896 5360
40.4842 0.0615616 5360 5896
40.9772 0.493031 5896 5360
41.0388 0.0615654 5360 5896
41.2355 0.196728 5896 536
41.5586 0.323093 536 1072
41.6206 0.0620155 1072 1608
41.6827 0.0620193 1608 2144
41.7442 0.0615463 2144 2680
41.7452 0.00094223 2680 3216
41.8062 0.0610733 3216 3752
41.8072 0.000946045 3752 4288
41.8683 0.0610924 4288 3752
41.9303 0.0620346 3752 3216
41.9938 0.0634727 3216 3752
42.0563 0.0625496 3752 3216
42.1146 0.0582771 3216 2680
42.1169 0.00234222 2680 3216
42.2997 0.182785 3216 2680
42.3655 0.0657959 2680 2787
42.4271 0.0615463 2787 2890
42.4886 0.0615425 2890 2989
42.6108 0.122169 2989 2144
42.6733 0.0625076 2144 2453
42.7348 0.0615463 2453 2570
42.7358 0.00094223 2570 2681
42.7968 0.0610733 2681 2788
42.8598 0.0629807 2788 2144
42.9218 0.0620193 2144 2252
42.9834 0.0615654 2252 2379
43.0445 0.0610733 2379 2499
43.0454 0.00094223 2499 2613
43.1065 0.0610733 2613 2722
43.1074 0.000946045 2722 2827
43.1695 0.0620155 2827 2928
43.231 0.0615463 2928 3026
43.2926 0.0615463 3026 3120
43.3541 0.0615463 3120 3212
43.4156 0.0615463 3212 3301
43.4772 0.0615425 3301 3388
43.5383 0.0610771 3388 3472
43.5402 0.00188446 3472 3554
43.6003 0.0601311 3554 3634
43.6031 0.00283051 3634 3713
43.6642 0.0610771 3713 3790
43.7262 0.0620346 3790 3752
43.7267 0.000473022 3752 3216
43.7854 0.0587311 3216 2820
43.7859 0.000473022 2820 2252
43.8488 0.0629425 2252 2379
43.8503 0.00141525 2379 2499
43.9109 0.0606041 2499 2613
43.9123 0.00141525 2613 2722
43.9729 0.0606003 2722 2827
44.0344 0.0615463 2827 2928
44.096 0.0615463 2928 3026
44.1575 0.0615463 3026 3120
44.2191 0.0615425 3120 3212
44.2806 0.0615463 3212 3301
44.3422 0.0615463 3301 3388
44.344 0.00188828 3388 3472
44.4051 0.0610733 3472 3554
44.4662 0.0610733 3554 3634
44.4681 0.00188828 3634 3713
44.5292 0.0610733 3713 3790
44.5301 0.00094223 3790 3865
44.5931 0.0629616 3865 4288
44.7157 0.12262 4288 4824
44.7768 0.0610733 4824 5360
44.8383 0.0615463 5360 5896
44.9041 0.0657959 5896 6432
45.0267 0.12262 6432 6968
45.0854 0.0587311 6968 6432
45.0859 0.000473022 6432 6057
45.0864 0.000469208 6057 5870
45.0869 0.000473022 5870 5226
45.0873 0.000473022 5226 4824
45.147 0.0596581 4824 5226
45.1522 0.00521088 5226 5360
45.2725 0.120258 5360 4824
45.3383 0.065834 4824 5360
45.3998 0.0615425 5360 5896
45.4614 0.0615463 5896 5360
45.4619 0.000473022 5360 4824
45.5845 0.122639 4824 5360
45.7118 0.127338 5360 5896
45.7729 0.0610733 5896 6432
45.8326 0.0596771 6432 5896
45.8331 0.000473022 5896 5514
45.834 0.000961304 5514 4824
45.835 0.000946045 4824 4288
45.8941 0.059185 4288 4824
45.9576 0.0634537 4824 5360
46.1394 0.181805 5360 5896
46.146 0.00660706 5896 6432
46.2076 0.0615463 6432 6968
46.2686 0.0610733 6968 7504
46.3302 0.0615463 7504 8040
46.3865 0.0563698 8040 7504
46.387 0.000473022 7504 7142
46.3899 0.00283432 7142 6961
46.3903 0.000469208 6961 6030
46.3908 0.000473022 6030 5896
46.4481 0.0572968 5896 6030
46.4557 0.00759125 6030 5360
46.5182 0.0624695 5360 5494
46.5797 0.0615654 5494 5896
46.6408 0.0610733 5896 6432
46.7023 0.0615463 6432 6968
46.825 0.12262 6968 7504
46.8898 0.0648689 7504 6968
46.8903 0.000473022 6968 6600
46.8908 0.000469208 6600 6416
46.8912 0.000473022 6416 5628
46.9462 0.0549202 5628 5360
46.9518 0.00568008 5360 5628
47.0134 0.0615654 5628 5896
47.0745 0.0610733 5896 6432
47.136 0.0615463 6432 6968
47.198 0.0620003 6968 7504
47.2596 0.0615425 7504 8040
47.3216 0.0620384 8040 7504
47.3226 0.00094223 7504 6961
47.323 0.000473022 6961 6030
47.3235 0.000473022 6030 5896
47.3832 0.0596581 5896 6030
47.4442 0.0610924 6030 6432
47.5048 0.0606003 6432 5896
47.5726 0.0677032 5896 6432
47.6322 0.0596581 6432 5896
47.7534 0.121239 5896 6432
47.815 0.0615463 6432 6968
47.8798 0.0648308 6968 6432
47.8803 0.000473022 6432 5896
47.8822 0.00192642 5896 5360
47.9414 0.059166 5360 5896
48.0049 0.0634727 5896 6432
48.127 0.122108 6432 6968
48.189 0.0620346 6968 6432
48.1895 0.000473022 6432 5896
48.3117 0.122185 5896 6432
48.3732 0.0615463 6432 6968
48.4958 0.12262 6968 7504
48.5588 0.0629807 7504 6968
48.5593 0.000473022 6968 6633
48.5598 0.000469208 6633 5896
48.6204 0.0606422 5896 5360
48.6208 0.000453949 5360 5896
48.8675 0.246693 5896 5360
48.9925 0.124977 5360 4824
49.6037 0.611229 4824 4288
49.6057 0.00196457 4288 3752
49.6653 0.0596008 3752 4288
49.7903 0.124996 4288 3752
49.9129 0.122639 3752 4288
49.9745 0.0615463 4288 4824
50.0408 0.0662842 4824 5360
50.1643 0.123562 5360 5896
50.223 0.0586967 5896 5944
50.286 0.0629807 5944 5360
50.2879 0.00190735 5360 4969
50.2884 0.000469208 4969 4422
50.2889 0.000473022 4422 4288
50.3481 0.059185 4288 4422
50.3504 0.00238037 4422 3752
50.412 0.0615463 3752 4422
50.5952 0.183258 4422 3216
50.6568 0.0615845 3216 3886
50.6596 0.00281143 3886 3752
50.7184 0.0587349 3752 3886
50.7785 0.0601501 3886 3959
50.8401 0.0615425 3959 4031
51.5814 0.741379 4031 3216
51.643 0.0615654 3216 3495
51.7666 0.123604 3495 2144
51.8286 0.0620346 2144 2680
51.8888 0.0601311 2680 2959
51.8907 0.00188828 2959 3056
51.9527 0.0620537 3056 2144
52.0133 0.0606232 2144 1608
52.0143 0.00094223 1608 2144
52.0749 0.0606041 2144 2520
52.1364 0.0615616 2520 2634
52.1383 0.0018692 2634 2743
52.1985 0.0601501 2743 2847
52.26 0.0615654 2847 2144
52.3216 0.0615463 2144 2311
52.3831 0.0615425 2311 2435
52.3855 0.0023613 2435 2552
52.4451 0.0596581 2552 2664
52.4475 0.0023613 2664 2771
52.5072 0.0596581 2771 2874
52.5687 0.0615425 2874 2973
52.6302 0.0615463 2973 3069
52.6918 0.0615463 3069 3162
52.7538 0.0620384 3162 2144
52.8154 0.0615425 2144 2311
52.8769 0.0615654 2311 2435
52.8802 0.00330353 2435 2552
52.939 0.0587158 2552 2664
52.9423 0.00330353 2664 2771
53.001 0.058712 2771 2874
53.0625 0.0615463 2874 2973
53.1241 0.0615463 2973 3069
53.1856 0.0615463 3069 3162
53.2472 0.0615463 3162 3252
53.3087 0.0615425 3252 3340
53.3125 0.00377655 3340 3426
53.3717 0.0592041 3426 2680
53.374 0.0023613 2680 2311
53.3745 0.000473022 2311 2144
53.4333 0.0587311 2144 2311
53.4944 0.0611115 2311 1608
53.5559 0.0615463 1608 2311
53.5569 0.000946045 2311 2435
53.6189 0.0620155 2435 2552
53.6809 0.0620193 2552 2664
53.6818 0.00094223 2664 2771
53.7429 0.0610733 2771 2874
53.8045 0.0615463 2874 2973
53.866 0.0615463 2973 3069
53.9275 0.0615463 3069 3162
53.9891 0.0615425 3162 3252
54.0506 0.0615463 3252 3340
54.0525 0.00188828 3340 3426
54.1136 0.0610733 3426 3509
54.1747 0.0610733 3509 3590
54.1766 0.00188828 3590 3670
54.2376 0.0610733 3670 3748
54.2987 0.0610733 3748 3824
54.3006 0.00188828 3824 3899
54.3626 0.0620193 3899 4288
54.4852 0.12262 4288 4824
54.5463 0.0610924 4824 4288
54.5473 0.00094223 4288 3618
54.5477 0.000473022 3618 3216
54.6079 0.0601311 3216 3618
54.6694 0.0615654 3618 3752
54.7319 0.0625076 3752 3216
54.8541 0.122147 3216 3305
54.8574 0.00330353 3305 3391
54.9777 0.120277 3391 3216
54.9781 0.000473022 3216 2855
54.9791 0.000965118 2855 2680
54.981 0.0018692 2680 2855
55.0407 0.0596733 2855 2955
55.1022 0.0615463 2955 3052
55.1637 0.0615463 3052 3146
55.2253 0.0615463 3146 3237
55.2868 0.0615463 3237 3325
55.2901 0.00328445 3325 3411
55.3489 0.0587311 3411 3495
55.3531 0.0042305 3495 3577
55.4142 0.0610733 3577 3657
55.4729 0.0587311 3657 3735
55.4771 0.0042305 3735 3811
55.5382 0.0610733 3811 3886
55.5997 0.0615463 3886 3959
55.7196 0.119823 3959 3216
55.72 0.000473022 3216 2855
55.7205 0.000473022 2855 2680
55.7811 0.0606003 2680 2855
55.7849 0.00377655 2855 2955
55.8464 0.0615463 2955 3052
55.9085 0.0620346 3052 2144
55.97 0.0615463 2144 2516
56.0292 0.0592232 2516 2144
56.0316 0.00234222 2144 1608
56.0931 0.0615463 1608 2516
56.1528 0.0596962 2516 2630
56.2759 0.123127 2630 1608
56.3375 0.0615463 1608 2094
56.3384 0.000946045 2094 2231
56.4 0.0615463 2231 2359
56.4009 0.00094223 2359 2480
56.462 0.0610733 2480 2595
56.4629 0.000946045 2595 2705
56.524 0.0610733 2705 2811
56.5856 0.0615425 2811 2913
56.6471 0.0615463 2913 3011
56.7091 0.0620384 3011 2144
56.7101 0.000961304 2144 2094
56.7106 0.000473022 2094 1608
56.7707 0.060112 1608 2094
56.8318 0.0610924 2094 2231
56.8933 0.0615463 2231 2359
56.8943 0.00094223 2359 2480
56.9553 0.0610733 2480 2595
56.9563 0.000946045 2595 2705
57.0174 0.0610733 2705 2811
57.0789 0.0615425 2811 2913
57.1405 0.0615463 2913 3011
57.202 0.0615463 3011 3106
57.2645 0.0625076 3106 2144
57.265 0.000473022 2144 2094
57.3251 0.0601501 2094 1608
57.3261 0.000923157 1608 2094
57.3871 0.0610924 2094 2231
57.4487 0.0615463 2231 2359
57.5107 0.0620193 2359 2480
57.5727 0.0620155 2480 2595
57.5737 0.000946045 2595 2705
57.6347 0.0610733 2705 2811
57.6963 0.0615463 2811 2913
57.7578 0.0615425 2913 3011
57.8194 0.0615463 3011 3106
57.8809 0.0615463 3106 3198
57.9425 0.0615463 3198 3287
58.005 0.0624886 3287 3374
58.0059 0.000946045 3374 3459
58.0679 0.0620155 3459 3542
58.0689 0.000946045 3542 3623
58.1309 0.0620155 3623 3702
58.192 0.0610733 3702 3779
58.1938 0.00188828 3779 3855
58.2559 0.0620193 3855 4288
58.3785 0.122639 4288 3752
58.379 0.000469208 3752 3216
58.4396 0.0606422 3216 2680
58.4401 0.000450134 2680 3216
58.5627 0.122658 3216 3752
58.6257 0.0629807 3752 3216
58.7479 0.12215 3216 3305
58.7507 0.00283051 3305 3391
58.8113 0.0606003 3391 3475
58.8719 0.0606041 3475 3557
58.8747 0.00283051 3557 3637
58.9353 0.0606003 3637 3715
58.9959 0.0606041 3715 3792
58.9988 0.00283051 3792 3867
59.0603 0.0615463 3867 3941
59.1223 0.0620155 3941 4288
59.306 0.183693 4288 4824
59.3088 0.00283432 4824 5360
59.3709 0.0620155 5360 5896
59.4329 0.0620193 5896 6432
59.4944 0.0615463 6432 6968
59.617 0.12262 6968 7504
59.6796 0.0625076 7504 6968
59.68 0.000473022 6968 6600
59.6814 0.00141525 6600 5628
59.6819 0.000473022 5628 5360
59.7411 0.059185 5360 5628
59.9238 0.182747 5628 5896
59.9309 0.00708008 5896 6432
59.9925 0.0615463 6432 6968
60.0498 0.0573349 6968 6432
60.0503 0.000473022 6432 6111
60.0531 0.00281143 6111 5628
60.0536 0.000473022 5628 5360
60.1118 0.0582619 5360 5628
60.1734 0.0615654 5628 5896
60.2354 0.0620346 5896 5360
60.3585 0.123112 5360 5896
60.3646 0.00609589 5896 5360
60.5442 0.179523 5360 4824
60.6109 0.0667191 4824 5360
60.6734 0.0624886 5360 5896
60.7335 0.060112 5896 6432
60.7969 0.0634689 6432 5896
60.7974 0.000473022 5896 5514
60.7979 0.000473022 5514 4824
61.5961 0.798183 4824 4288
61.7835 0.187469 4288 4824
61.8446 0.0610733 4824 5360
61.9062 0.0615463 5360 5896
62.0283 0.122147 5896 6432
62.1557 0.127338 6432 6968
62.2167 0.0610771 6968 7504
62.2783 0.0615425 7504 8040
62.3422 0.0639458 8040 7504
62.3427 0.000473022 7504 7142
62.3972 0.0544815 7142 6030
62.3991 0.00188828 6030 5896
62.4 0.000946045 5896 5360
62.4038 0.00379562 5360 6030
62.4611 0.0572968 6030 5896
62.4616 0.000453949 5896 6030
62.5226 0.0610924 6030 6432
62.5842 0.0615463 6432 6968
62.6509 0.0667343 6968 7504
62.712 0.0610962 7504 7142
62.7125 0.000469208 7142 6961
62.713 0.000473022 6961 6030
62.7134 0.000473022 6030 5896
62.7726 0.059185 5896 6030
62.8337 0.0610924 6030 6432
62.8953 0.0615463 6432 6968
63.4558 0.560535 6968 6432
63.4563 0.000473022 6432 6030
63.4567 0.000473022 6030 5896
63.5173 0.0606003 5896 6030
63.7631 0.245731 6030 4824
63.8218 0.0587311 4824 4288
63.8251 0.0033226 4288 4824
63.8256 0.000453949 4824 5360
63.8834 0.0577698 5360 5494
63.9473 0.0639458 5494 4824
64.0088 0.0615463 4824 4958
64.2532 0.244308 4958 4288
64.3147 0.0615463 4288 4422
64.3176 0.00285339 4422 4288
64.3185 0.000946045 4288 3752
64.38 0.0615463 3752 4422
64.5041 0.124069 4422 3752
64.5657 0.0615463 3752 3886
64.6268 0.0610962 3886 4288
64.8057 0.178947 4288 4824
64.8133 0.00757599 4824 5360
64.8748 0.0615463 5360 5896
64.9359 0.0610733 5896 6432
64.9974 0.0615463 6432 6968
65.1177 0.120216 6968 7504
65.1826 0.0649109 7504 6968
65.183 0.000473022 6968 6600
65.1835 0.000465393 6600 6416
65.184 0.000473022 6416 5628
65.1845 0.000473022 5628 5360
65.4923 0.307846 5360 4824
65.5539 0.0615616 4824 5360
66.1764 0.622528 5360 536
66.2379 0.0615463 536 1072
66.3 0.0620193 1072 1608
66.362 0.0620193 1608 2144
66.4235 0.0615463 2144 2680
66.4245 0.000946045 2680 3216
66.4855 0.0610733 3216 3752
66.4865 0.000938416 3752 4288
66.4874 0.000946045 4288 4824
66.61 0.12262 4824 5360
66.7369 0.126869 5360 5896
66.7961 0.0592041 5896 5360
66.7966 0.000473022 5360 4824
66.8572 0.0606384 4824 4288
66.8582 0.000923157 4288 4824
66.9799 0.121712 4824 5360
66.9832 0.00328827 5360 4824
67.1058 0.122658 4824 5360
67.1674 0.0615463 5360 5896
67.2294 0.0620193 5896 6432
67.2909 0.0615387 6432 6968
67.4135 0.12262 6968 7504
67.5418 0.128288 7504 8040
67.6029 0.0610733 8040 8576
67.6644 0.0615463 8576 9112
67.7232 0.0587311 9112 8576
67.7236 0.000473022 8576 8224
67.7241 0.000473022 8224 8048
67.7246 0.000473022 8048 7871
67.7251 0.000465393 7871 7695
67.7255 0.000473022 7695 7519
67.726 0.000473022 7519 7342
67.7265 0.000473022 7342 6834
67.727 0.000473022 6834 6432
67.7852 0.0582428 6432 6834
67.9078 0.122635 6834 6968
67.9694 0.0615692 6968 6432
68.0925 0.123108 6432 5896
68.1616 0.0690994 5896 6432
68.2232 0.0615616 6432 5896
68.3468 0.123581 5896 5360
68.4699 0.123116 5360 5896
68.5309 0.0610733 5896 6432
68.593 0.0620346 6432 5896
68.5934 0.000473022 5896 5360
68.7161 0.122635 5360 5896
68.7748 0.0586929 5896 6432
68.8363 0.0615463 6432 6968
68.9584 0.122131 6968 7504
68.9613 0.00286865 7504 6968
68.9632 0.00190735 6968 6600
68.9637 0.000473022 6600 6416
68.9646 0.000923157 6416 5628
68.9651 0.000473022 5628 5360
69.0234 0.0582581 5360 5628
69.0267 0.00330353 5628 5360
69.0271 0.000473022 5360 4824
69.0845 0.0573578 4824 4288
69.0887 0.00421143 4288 5628
69.1441 0.0554047 5628 5360
69.1451 0.000984192 5360 5092
69.1502 0.00515747 5092 4824
69.2057 0.0554047 4824 5092
69.2738 0.0681763 5092 4288
69.3354 0.0615463 4288 4556
69.3359 0.000488281 4556 4288
69.3368 0.000946045 4288 3752
69.3979 0.0611115 3752 3216
69.3984 0.000450134 3216 4556
69.4585 0.0601501 4556 4288
69.459 0.000495911 4288 4020
69.4604 0.00139618 4020 3752
69.5201 0.0596542 3752 4020
69.5816 0.0615463 4020 4288
69.7681 0.186523 4288 4824
69.8302 0.0620193 4824 5360
69.8926 0.0624924 5360 5896
69.8955 0.00283051 5896 6432
69.9584 0.0629578 6432 6968
70.0195 0.0610733 6968 7504
70.082 0.0624924 7504 8040
70.1436 0.0615616 8040 7504
70.144 0.000473022 7504 7142
70.145 0.000946045 7142 6030
70.1459 0.000946045 6030 5896
70.2051 0.0591812 5896 6030
70.2657 0.0606232 6030 6432
70.4509 0.185127 6432 5896
70.574 0.123108 5896 6432
70.7027 0.128738 6432 5896
71.01 0.307297 5896 5360
71.1923 0.182312 5360 5896
71.2529 0.060585 5896 6432
71.3144 0.0615463 6432 6968
71.3755 0.0610886 6968 6432
71.376 0.000473022 6432 6075
71.3765 0.000473022 6075 5360
71.4423 0.0658112 5360 4824
71.501 0.058754 4824 4288
71.5025 0.00143433 4288 3752
71.5039 0.00139618 3752 4288
71.5626 0.0587311 4288 4824
71.8685 0.305878 4824 4288
71.9319 0.0634384 4288 3752
71.9935 0.0615463 3752 4288
72.1161 0.122673 4288 3752
72.2388 0.12262 3752 3828
72.3003 0.0615463 3828 4288
72.3022 0.00190735 4288 3752
72.61 0.307747 3752 3216
72.7941 0.184181 3216 3305
72.8552 0.061058 3305 3391
72.8571 0.00190735 3391 3475
72.9182 0.0610733 3475 3557
72.9792 0.061058 3557 3637
73.0413 0.0620346 3637 2680
73.1028 0.0615463 2680 3101
73.1639 0.0610886 3101 3193
73.2255 0.0615463 3193 3282
73.287 0.0615463 3282 3369
73.2889 0.00189209 3369 3454
73.3509 0.0620346 3454 2680
73.4125 0.0615463 2680 2918
73.4736 0.0610886 2918 3016
73.5351 0.0615463 3016 3111
73.5967 0.0615463 3111 3203
73.6582 0.0615463 3203 3292
73.7197 0.0615463 3292 3379
73.7818 0.0620346 3379 2680
73.8433 0.0615463 2680 2843
73.9044 0.0610962 2843 2944
73.966 0.0615463 2944 3041
74.0275 0.0615387 3041 3135
74.0891 0.0615463 3135 3226
74.1506 0.0615463 3226 3315
74.1525 0.00189209 3315 3401
74.2136 0.0610733 3401 3485
74.2751 0.0615616 3485 2680
74.3367 0.0615845 2680 2144
74.3372 0.000450134 2144 2680
74.3983 0.0610962 2680 2843
74.4594 0.0610962 2843 2944
74.5209 0.0615463 2944 3041
74.5824 0.0615387 3041 3135
74.644 0.0615463 3135 3226
74.7055 0.0615463 3226 3315
74.7074 0.00189209 3315 3401
74.7685 0.0610733 3401 3485
74.8296 0.0610733 3485 3567
74.8315 0.00188446 3567 3647
74.893 0.0615692 3647 2680
74.955 0.0620117 2680 2843
75.0161 0.0610962 2843 2944
75.0777 0.0615463 2944 3041
75.1392 0.0615463 3041 3135
75.2008 0.0615463 3135 3226
75.2623 0.0615463 3226 3315
75.3244 0.0620346 3315 2680
75.3859 0.0615463 2680 2779
75.4475 0.0615845 2779 2144
75.509 0.0615463 2144 2243
75.5706 0.0615616 2243 2371
75.573 0.00235748 2371 2492
75.6326 0.0596619 2492 2607
75.6966 0.063942 2607 2144
75.7562 0.059639 2144 2071
75.8177 0.0615463 2071 2209
75.8793 0.0615463 2209 2339
75.8802 0.000946045 2339 2461
75.9413 0.0610733 2461 2577
75.9422 0.000938416 2577 2688
76.0033 0.0610733 2688 2794
76.0649 0.0615463 2794 2896
76.1264 0.0615463 2896 2995
76.188 0.0615692 2995 2144
76.1884 0.000465393 2144 2071
76.1889 0.000495911 2071 1608
76.2495 0.060585 1608 2071
76.251 0.00143433 2071 2209
76.3125 0.0615463 2209 2339
76.3134 0.000938416 2339 2461
76.3745 0.0610733 2461 2577
76.3755 0.000946045 2577 2688
76.4365 0.0610733 2688 2794
76.4981 0.0615463 2794 2896
76.5596 0.0615463 2896 2995
76.6212 0.0615463 2995 3090
76.6837 0.0625076 3090 2144
76.6842 0.000473022 2144 2071
76.7443 0.0601501 2071 1608
76.7452 0.000923157 1608 2071
76.8063 0.0610886 2071 2209
76.8679 0.0615463 2209 2339
76.8688 0.000946045 2339 2461
76.9299 0.0610733 2461 2577
76.9308 0.000946045 2577 2688
76.9919 0.0610733 2688 2794
77.0534 0.0615463 2794 2896
77.115 0.0615463 2896 2995
77.1765 0.0615463 2995 3090
77.2381 0.0615387 3090 3182
77.2996 0.0615463 3182 3272
77.3612 0.0615463 3272 3359
77.4232 0.0620422 3359 2680
77.4237 0.000465393 2680 2144
77.4242 0.000473022 2144 2071
77.4246 0.000473022 2071 1608
77.4848 0.0601273 1608 2071
77.5459 0.0610962 2071 2209
77.6074 0.0615463 2209 2339
77.6083 0.000946045 2339 2461
77.6694 0.0610733 2461 2577
77.6704 0.000938416 2577 2688
77.7314 0.0610733 2688 2794
77.793 0.0615463 2794 2896
77.8545 0.0615463 2896 2995
77.9161 0.0615463 2995 3090
77.9776 0.0615463 3090 3182
78.0397 0.0620346 3182 2144
78.0406 0.000968933 2144 2071
78.0411 0.000465393 2071 1608
78.1012 0.060112 1608 2071
78.1623 0.0610962 2071 2209
78.2238 0.0615463 2209 2339
78.2248 0.000938416 2339 2461
78.3479 0.123131 2461 1608
78.4095 0.0615463 1608 1925
78.4104 0.000946045 1925 2074
78.4719 0.0615463 2074 2212
78.5955 0.123604 2212 1608
78.6571 0.0615387 1608 1676
78.658 0.000946045 1676 1847
78.7196 0.0615463 1847 2002
78.7811 0.0615463 2002 2145
78.8427 0.0615463 2145 2278
78.8436 0.000946045 2278 2404
78.9047 0.0610733 2404 2523
78.9056 0.000938416 2523 2636
78.9667 0.0610733 2636 2744
78.9677 0.000946045 2744 2848
79.0297 0.0620193 2848 2948
79.0912 0.0615463 2948 3045
79.1528 0.0615463 3045 3139
79.2143 0.0615463 3139 3230
79.2759 0.0615463 3230 3318
79.3369 0.0610733 3318 3404
79.3388 0.00188446 3404 3488
79.3999 0.0610733 3488 3570
79.461 0.0610733 3570 3650
79.4628 0.00189209 3650 3728
79.5239 0.0610733 3728 3805
79.585 0.0610733 3805 3880
79.648 0.0629807 3880 3216
79.6484 0.000473022 3216 2680
79.6489 0.000465393 2680 2167
79.7086 0.0596771 2167 1676
79.7091 0.000473022 1676 1608
80.5869 0.877815 1608 536
80.91 0.32309 536 1072
80.972 0.0620193 1072 1340
81.034 0.0620193 1340 1554
81.2192 0.185165 1554 536
81.2807 0.0615463 536 1072
81.2807 0 1072 1340
81.3427 0.0620193 1340 1554
81.4048 0.0620117 1554 1738
81.4668 0.0620193 1738 1903
81.5283 0.0615463 1903 2053
81.5899 0.0615463 2053 2192
81.6514 0.0615463 2192 2323
81.6524 0.000946045 2323 2446
81.7755 0.123131 2446 1608
81.776 0.000465393 1608 1072
81.8986 0.12262 1072 1340
81.9606 0.0620193 1340 1554
82.1458 0.185165 1554 536
82.2073 0.0615463 536 1072
82.2073 0 1072 1340
82.2693 0.0620193 1340 1554
82.3313 0.0620193 1554 1738
82.3934 0.0620117 1738 1903
82.4549 0.0615463 1903 2053
82.5165 0.0615463 2053 2192
82.578 0.0615463 2192 2323
82.5789 0.000946045 2323 2446
82.64 0.0610733 2446 2563
82.641 0.000946045 2563 2675
82.702 0.0610733 2675 2782
82.703 0.000938416 2782 2885
82.765 0.0620193 2885 2984
82.8871 0.122147 2984 3080
82.9487 0.0615463 3080 3173
83.0112 0.0624924 3173 3263
83.0727 0.0615463 3263 3351
83.0746 0.00188446 3351 3436
83.1357 0.0610733 3436 3519
83.1366 0.000946045 3519 3600
83.1986 0.0620193 3600 3679
83.2597 0.0610733 3679 3757
83.2607 0.000946045 3757 3833
83.3236 0.0629578 3833 4288
83.5073 0.183693 4288 4824
83.5101 0.00283051 4824 5360
83.6309 0.12075 5360 4824
83.6314 0.000473022 4824 4422
83.6318 0.000473022 4422 4020
83.6323 0.000473022 4020 3752
83.6924 0.0601273 3752 4020
83.6967 0.00426483 4020 4288
83.7592 0.0625153 4288 3752
83.8823 0.123108 3752 4288
83.9439 0.0615463 4288 4824
84.0045 0.0605774 4824 5360
84.066 0.0615463 5360 5896
84.1881 0.122131 5896 6432
84.3155 0.127357 6432 6968
84.3766 0.0610733 6968 7504
84.4381 0.0615463 7504 8040
84.4992 0.0610962 8040 7504
84.4997 0.000465393 7504 7142
84.5001 0.000473022 7142 6961
84.5006 0.000473022 6961 6030
84.5011 0.000473022 6030 5896
84.5607 0.0596542 5896 6030
84.6218 0.0610962 6030 6432
84.6834 0.0615463 6432 6968
84.806 0.122581 6968 7504
84.9352 0.129242 7504 8040
84.9963 0.061058 8040 8576
85.0578 0.0615463 8576 9112
85.1189 0.0610733 9112 9648
85.1804 0.0615463 9648 10184
85.1842 0.00379181 10184 9648
85.1847 0.000473022 9648 9304
85.1852 0.000473022 9304 9132
85.2396 0.0544662 9132 8787
85.2401 0.000473022 8787 8615
85.2406 0.000473022 8615 8442
85.2411 0.000465393 8442 7638
85.2415 0.000473022 7638 7504
85.2462 0.00469971 7504 7638
85.3698 0.123589 7638 8040
85.4323 0.0625076 8040 7504
85.5559 0.123581 7504 8040
85.617 0.0610733 8040 8576
85.6785 0.0615463 8576 9112
85.7978 0.119316 9112 8040
85.7983 0.000473022 8040 7504
85.8575 0.0592194 7504 6968
85.8594 0.0018692 6968 7504
85.9806 0.121223 7504 8040
86.1108 0.130188 8040 7504
86.2339 0.123116 7504 8040
86.294 0.060112 8040 8576
86.3561 0.0620117 8576 9112
86.4787 0.12262 9112 9648
86.6008 0.122169 9648 9112
86.6013 0.000473022 9112 8791
86.6018 0.000473022 8791 8630
86.6023 0.000465393 8630 8469
86.6027 0.000473022 8469 7504
86.7244 0.121696 7504 8040
86.7869 0.0625076 8040 7504
86.8532 0.0662689 7504 6432
86.9148 0.0615616 6432 6968
86.9772 0.0624924 6968 7504
87.1008 0.123566 7504 8040
87.1027 0.00190735 8040 7504
87.1543 0.0516129 7504 6968
87.2263 0.0719452 6968 7504
87.3423 0.116051 7504 6968
87.3513 0.00896454 6968 6432
87.4039 0.052597 6432 6968
87.4739 0.0700455 6968 7504
87.6591 0.185127 7504 6968
87.7807 0.121674 6968 7504
87.9048 0.124054 7504 6968
88.6382 0.733398 6968 6432
88.6988 0.0606384 6432 5896
88.7002 0.00139618 5896 6432
88.884 0.183731 6432 5896
89.0066 0.122635 5896 6432
89.0132 0.0065918 6432 5896
89.133 0.119827 5896 6432
89.1913 0.0582581 6432 5896
89.2608 0.0695496 5896 6432
89.3224 0.0615463 6432 6968
89.3806 0.0582657 6968 7504
89.4422 0.0615387 7504 8040
89.5648 0.12262 8040 8576
89.694 0.129227 8576 8040
89.6945 0.000473022 8040 7683
89.695 0.000473022 7683 7504
89.6954 0.000473022 7504 7326
89.7476 0.052124 7326 6432
89.8763 0.128777 6432 5896
89.9412 0.0648499 5896 5360
90.0028 0.0615845 5360 4824
90.0032 0.000450134 4824 5896
90.0596 0.0563736 5896 5360
90.1268 0.0672302 5360 4824
90.2443 0.117447 4824 4288
90.303 0.058754 4288 3752
90.3058 0.00280762 3752 4288
90.5497 0.243866 4288 3752
90.6203 0.0705643 3752 4288
90.6818 0.0615463 4288 4824
90.7429 0.0610733 4824 5360
90.8044 0.0615463 5360 5896
90.9227 0.118317 5896 6432
90.9948 0.0720062 6432 6004
91.0459 0.0511017 6004 5789
91.0468 0.000961304 5789 4824
91.0516 0.00478363 4824 4288
91.0558 0.00424194 4288 4824
91.1747 0.118866 4824 4288
91.2978 0.123093 4288 4824
91.3044 0.0066452 4824 5360
91.366 0.0615463 5360 5896
91.4266 0.0606003 5896 5360
91.4271 0.000473022 5360 4969
91.4275 0.000473022 4969 4422
91.428 0.000473022 4422 4288
91.4881 0.0601273 4288 4422
91.5497 0.0615616 4422 4824
91.607 0.0572815 4824 5360
91.669 0.0620346 5360 4824
91.6695 0.000473022 4824 4422
91.6733 0.00379944 4422 4288
91.7306 0.0572739 4288 4422
91.7372 0.00662994 4422 3752
91.7987 0.0615463 3752 3886
91.8598 0.0610886 3886 4288
91.9214 0.0615463 4288 4824
91.9829 0.0615692 4824 4288
91.9834 0.000465393 4288 3886
91.9839 0.000473022 3886 3752
92.0445 0.0606079 3752 3886
92.1009 0.056366 3886 3959
92.1624 0.0615463 3959 4031
92.6548 0.492386 4031 3216
92.7163 0.0615463 3216 3495
92.7788 0.0625076 3495 2680
92.8409 0.0620346 2680 2959
92.847 0.00615692 2959 2680
92.8475 0.000473022 2680 2144
92.9091 0.0615616 2144 2959
92.9707 0.0615845 2959 2680
92.9711 0.000473022 2680 2423
93.0937 0.12262 2423 2541
93.0947 0.000946045 2541 2654
93.1558 0.0610733 2654 2762
93.1567 0.000946045 2762 2866
93.2187 0.0620117 2866 2966
93.2803 0.0615463 2966 3062
93.3418 0.0615692 3062 2144
93.4034 0.0615463 2144 2423
93.4649 0.0615616 2423 2541
93.526 0.0610733 2541 2654
93.527 0.000946045 2654 2762
93.588 0.0610733 2762 2866
93.6496 0.0615463 2866 2966
93.7126 0.0629807 2966 2144
93.7746 0.0620193 2144 2423
93.8972 0.122635 2423 2541
93.9592 0.0620193 2541 2654
94.0824 0.123131 2654 1608
94.1439 0.0615463 1608 2118
94.1449 0.000938416 2118 2253
94.2064 0.0615463 2253 2380
94.2073 0.000946045 2380 2500
94.2684 0.0610733 2500 2614
94.2694 0.000946045 2614 2723
94.3304 0.0610733 2723 2828
94.392 0.0615463 2828 2929
94.4535 0.0615463 2929 3027
94.5151 0.0615463 3027 3121
94.5766 0.0615387 3121 3213
94.6382 0.0615463 3213 3302
94.6997 0.0615463 3302 3389
94.7617 0.0620422 3389 2144
94.7627 0.000961304 2144 2118
94.7632 0.000473022 2118 1608
94.8233 0.0601044 1608 2118
94.8252 0.00190735 2118 2253
94.8867 0.0615463 2253 2380
94.9488 0.0620193 2380 2500
95.0108 0.0620193 2500 2614
95.0117 0.000946045 2614 2723
95.0728 0.0610733 2723 2828
95.1343 0.0615463 2828 2929
95.1959 0.0615387 2929 3027
95.2574 0.0615463 3027 3121
95.319 0.0615463 3121 3213
95.3805 0.0615463 3213 3302
95.4421 0.0615463 3302 3389
95.444 0.00189209 3389 3473
95.5069 0.0629807 3473 2144
95.5676 0.0606155 2144 2118
95.568 0.000473022 2118 1608
95.569 0.000946045 1608 2118
95.6305 0.0615463 2118 2253
95.6921 0.0615463 2253 2380
95.693 0.000938416 2380 2500
95.7541 0.0610733 2500 2614
95.755 0.000946045 2614 2723
95.8161 0.0610733 2723 2828
95.8776 0.0615463 2828 2929
95.9392 0.0615463 2929 3027
96.0007 0.0615463 3027 3121
96.0623 0.0615463 3121 3213
96.1238 0.0615463 3213 3302
96.1859 0.0620346 3302 3216
96.1863 0.000473022 3216 2680
96.1868 0.000488281 2680 2314
96.1873 0.000473022 2314 2118
96.2479 0.060585 2118 2253
96.3104 0.0625076 2253 1608
96.3719 0.0615463 1608 1717
96.433 0.0610886 1717 1884
96.4946 0.0615463 1884 2036
96.5561 0.0615463 2036 2177
96.6177 0.0615463 2177 2308
96.6186 0.000946045 2308 2432
96.6797 0.0610733 2432 2550
96.6806 0.000946045 2550 2662
96.7417 0.0610733 2662 2769
96.7426 0.000938416 2769 2872
96.8047 0.0620193 2872 2972
96.8662 0.0615463 2972 3068
96.9278 0.0615463 3068 3161
96.9893 0.0615463 3161 3251
97.0508 0.0615463 3251 3339
97.1124 0.0615616 3339 2680
97.1129 0.000473022 2680 2144
97.1138 0.000961304 2144 1717
97.1148 0.000946045 1717 1608
97.1768 0.0620193 1608 1717
97.1768 0 1717 1884
97.2388 0.0620193 1884 2036
97.3004 0.0615387 2036 2177
97.3619 0.0615463 2177 2308
97.3629 0.000946045 2308 2432
97.486 0.123131 2432 1608
97.5475 0.0615463 1608 1717
97.5485 0.000946045 1717 1884
97.61 0.0615387 1884 2036
97.6716 0.0615463 2036 2177
97.7331 0.0615463 2177 2308
97.7341 0.000946045 2308 2432
97.7951 0.0610733 2432 2550
97.8572 0.0620193 2550 2662
97.9192 0.0620193 2662 2769
97.9201 0.000938416 2769 2872
97.9821 0.0620193 2872 2972
98.0437 0.0615463 2972 3068
98.1052 0.0615463 3068 3161
98.1668 0.0615463 3161 3251
98.2283 0.0615463 3251 3339
98.2904 0.0620346 3339 2680
98.2908 0.000473022 2680 2144
98.2913 0.000473022 2144 1717
98.351 0.0596771 1717 1608
98.3519 0.000923157 1608 1717
98.413 0.0610886 1717 1884
98.4745 0.0615463 1884 2036
98.5361 0.0615463 2036 2177
98.5976 0.0615463 2177 2308
98.5986 0.000946045 2308 2432
98.6596 0.0610733 2432 2550
98.6606 0.000946045 2550 2662
98.7217 0.0610733 2662 2769
98.7226 0.000938416 2769 2872
98.7846 0.0620193 2872 2972
98.8462 0.0615463 2972 3068
98.9077 0.0615463 3068 3161
98.9693 0.0615463 3161 3251
99.0308 0.0615463 3251 3339
99.0919 0.0610733 3339 3425
99.0938 0.00188446 3425 3508
99.1548 0.0610733 3508 3589
99.2159 0.0610733 3589 3669
99.2178 0.00189209 3669 3747
99.2789 0.0610733 3747 3823
99.34 0.0610733 3823 3898
99.4015 0.0615463 3898 4288
99.5246 0.123108 4288 3752
99.5251 0.000473022 3752 3216
99.6477 0.12262 3216 3752
99.652 0.00426483 3752 3828
100.633 0.980934 3828 3903
100.759 0.125961 3903 3216
100.882 0.123093 3216 3305
100.944 0.0620193 3305 3391
100.945 0.000946045 3391 3475
101.007 0.0620117 3475 3557
101.068 0.0610809 3557 3637
101.07 0.00188446 3637 3715
101.131 0.0610733 3715 3792
101.192 0.0610733 3792 3867
101.254 0.0615463 3867 4288
101.377 0.123108 4288 3752
101.377 0.000473022 3752 3216
101.5 0.12262 3216 3752
101.503 0.00332642 3752 3828
101.623 0.120255 3828 3216
101.746 0.123093 3216 3752
101.75 0.00334167 3752 3828
101.811 0.0615463 3828 4288
101.874 0.0625076 4288 3752
101.932 0.0577316 3752 3216
102.056 0.124512 3216 3305
102.058 0.0019455 3305 3391
102.119 0.0610123 3391 3475
102.18 0.0610733 3475 3557
102.182 0.0019455 3557 3637
102.243 0.0610199 3637 3715
102.304 0.0610733 3715 3792
102.306 0.0019455 3792 3867
102.368 0.0619583 3867 4288
102.491 0.12262 4288 4824
102.552 0.0610733 4824 5360
102.613 0.0615463 5360 5896
102.68 0.0663223 5896 5360
102.737 0.0572968 5360 4422
102.737 0.000473022 4422 3752
102.741 0.0038147 3752 4422
102.861 0.119766 4422 4824
102.865 0.00428772 4824 4288
102.925 0.0596771 4288 3752
102.925 0.000511169 3752 3216
102.927 0.00139618 3216 3752
102.927 0 3752 4288
103.051 0.124527 4288 3752
103.174 0.123108 3752 4288
103.298 0.123581 4288 3752
103.421 0.122643 3752 4288
103.482 0.0615463 4288 4355
103.484 0.00188446 4355 4420
103.546 0.0620193 4420 4824
103.607 0.0610733 4824 5360
103.61 0.00238037 5360 4824
103.668 0.0582428 4824 4422
103.668 0.000473022 4422 4020
103.669 0.000465393 4020 3752
103.672 0.00283813 3752 4020
103.733 0.0610886 4020 4288
103.794 0.0615463 4288 4824
103.855 0.0610733 4824 5360
103.917 0.0615463 5360 5896
104.039 0.122597 5896 6432
104.166 0.126419 6432 6004
104.167 0.000961304 6004 4824
104.226 0.0587311 4824 4288
104.227 0.000923157 4288 4824
104.348 0.121696 4824 5360
104.41 0.0615463 5360 5896
104.476 0.0667191 5896 6432
104.597 0.12075 6432 5360
104.598 0.000473022 5360 4824
104.657 0.0592422 4824 4288
104.659 0.0018692 4288 4824
104.722 0.0629807 4824 4288
104.906 0.184181 4288 4355
104.968 0.0620041 4355 4824
105.029 0.0610733 4824 5360
105.091 0.0615463 5360 5896
105.152 0.0615616 5896 5360
105.153 0.000473022 5360 4969
105.153 0.000473022 4969 4422
105.154 0.000938416 4422 4288
105.523 0.369408 4288 3752
105.585 0.0615692 3752 4288
105.71 0.125038 4288 3752
105.772 0.0615616 3752 4288
105.832 0.0601883 4288 3752
105.958 0.12606 3752 4288
106.019 0.0615845 4288 3752
106.081 0.0615616 3752 4288
106.092 0.011467 4288 536
106.154 0.0615463 536 1072
106.216 0.0620193 1072 1608
106.278 0.0620117 1608 2144
106.402 0.123604 2144 1608
106.464 0.0624924 1608 1786
106.526 0.0615463 1786 1946
106.587 0.0615463 1946 2093
106.649 0.0615463 2093 2230
106.71 0.0615387 2230 2358
106.711 0.000946045 2358 2479
106.772 0.0610733 2479 2594
106.773 0.000946045 2594 2704
106.834 0.0610733 2704 2810
106.896 0.0620346 2810 2144
106.897 0.000961304 2144 1608
107.019 0.121681 1608 1786
107.081 0.0615463 1786 1946
107.142 0.0615463 1946 2093
107.204 0.0615387 2093 2230
107.265 0.0615463 2230 2358
107.266 0.000946045 2358 2479
107.327 0.0610733 2479 2594
107.328 0.000946045 2594 2704
107.389 0.0610733 2704 2810
107.451 0.0615463 2810 2912
107.512 0.0615463 2912 3010
107.574 0.0615463 3010 3105
107.637 0.0629807 3105 2144
107.698 0.0606155 2144 1608
107.76 0.0624924 1608 1786
107.822 0.0615463 1786 1946
107.883 0.0615463 1946 2093
107.945 0.0615463 2093 2230
108.006 0.0615463 2230 2358
108.007 0.000938416 2358 2479
108.068 0.0610733 2479 2594
108.069 0.000946045 2594 2704
108.13 0.0610733 2704 2810
108.192 0.0615463 2810 2912
108.315 0.123131 2912 2144
108.315 0.000473022 2144 1608
108.378 0.0624847 1608 1786
108.439 0.0615463 1786 1946
108.501 0.0615463 1946 2093
108.562 0.0615463 2093 2230
108.624 0.0615463 2230 2358
108.625 0.000946045 2358 2479
108.686 0.0610733 2479 2594
108.687 0.000938416 2594 2704
108.748 0.0610809 2704 2810
108.81 0.0620346 2810 2144
108.811 0.000961304 2144 1608
108.933 0.121674 1608 1786
108.994 0.0615463 1786 1946
109.056 0.0615463 1946 2093
109.117 0.0615463 2093 2230
109.18 0.0625076 2230 1608
109.303 0.122643 1608 1786
109.364 0.0615387 1786 1946
109.426 0.0615463 1946 2093
109.487 0.0615463 2093 2230
109.549 0.0615463 2230 2358
109.55 0.000946045 2358 2479
109.611 0.0610733 2479 2594
109.612 0.000946045 2594 2704
109.673 0.0610733 2704 2810
109.734 0.0615463 2810 2912
109.796 0.0615463 2912 3010
109.857 0.0615616 3010 2144
109.858 0.000473022 2144 1608
109.92 0.0625076 1608 1786
109.982 0.0615463 1786 1946
110.043 0.0615463 1946 2093
110.105 0.0615463 2093 2230
110.167 0.0615463 2230 2358
110.168 0.000938416 2358 2479
110.229 0.0610733 2479 2594
110.23 0.000946045 2594 2704
110.291 0.0610733 2704 2810
110.352 0.0615463 2810 2912
110.414 0.0615463 2912 3010
110.475 0.0615463 3010 3105
110.537 0.0615463 3105 3197
110.598 0.0615463 3197 3286
110.66 0.0615463 3286 3373
110.661 0.000938416 3373 3458
110.723 0.0620193 3458 3541
110.784 0.0615692 3541 2680
110.785 0.000465393 2680 2144
110.845 0.0601501 2144 1608
110.908 0.0624924 1608 1786
110.969 0.0615463 1786 1946
111.031 0.0615463 1946 2093
111.154 0.123123 2093 1072
111.215 0.0615463 1072 1557
111.277 0.0615463 1557 1741
111.339 0.0620193 1741 1906
111.4 0.0615463 1906 2056
111.462 0.0615463 2056 2195
111.523 0.0615463 2195 2325
111.524 0.000946045 2325 2448
111.585 0.0610733 2448 2565
111.586 0.000938416 2565 2677
111.648 0.0610733 2677 2784
111.648 0.000946045 2784 2887
111.71 0.0620193 2887 2986
111.772 0.0615463 2986 3082
111.834 0.0615463 3082 3175
111.895 0.0615616 3175 2144
111.896 0.000473022 2144 1608
111.956 0.0601501 1608 1557
111.956 0.000473022 1557 1072
111.957 0.000450134 1072 1557
112.018 0.0615616 1557 1741
112.08 0.0620193 1741 1906
112.142 0.0615463 1906 2056
112.203 0.0615463 2056 2195
112.265 0.0615463 2195 2325
112.266 0.000946045 2325 2448
112.327 0.0610733 2448 2565
112.328 0.000938416 2565 2677
112.389 0.0610733 2677 2784
112.39 0.000946045 2784 2887
112.452 0.0620193 2887 2986
112.513 0.0615463 2986 3082
112.575 0.0615463 3082 3175
112.637 0.0615463 3175 3265
112.698 0.0615463 3265 3352
112.76 0.0620346 3352 2680
112.761 0.000473022 2680 2144
112.761 0.000473022 2144 1656
112.821 0.0596771 1656 1557
112.821 0.000465393 1557 1072
112.822 0.000457764 1072 1557
112.883 0.0615616 1557 1741
112.945 0.0620193 1741 1906
113.007 0.0615463 1906 2056
113.068 0.0615463 2056 2195
113.13 0.0615463 2195 2325
113.131 0.000938416 2325 2448
113.192 0.0610733 2448 2565
113.193 0.000946045 2565 2677
113.254 0.0610733 2677 2784
113.255 0.000946045 2784 2887
113.379 0.124069 2887 1608
113.379 0.000473022 1608 1557
113.439 0.0596619 1557 1072
113.44 0.00141144 1072 1557
113.502 0.0615463 1557 1741
113.564 0.0620193 1741 1906
113.626 0.0615463 1906 2056
113.687 0.0615463 2056 2195
113.749 0.0615463 2195 2325
113.75 0.000946045 2325 2448
113.811 0.0610733 2448 2565
113.812 0.000938416 2565 2677
113.873 0.0610733 2677 2784
113.935 0.0620193 2784 2887
113.996 0.0615463 2887 2986
114.058 0.0615463 2986 3082
114.119 0.0615463 3082 3175
114.181 0.0615463 3175 3265
114.242 0.0615463 3265 3352
114.244 0.00188446 3352 3437
114.305 0.0610733 3437 3520
114.367 0.0615692 3520 2680
114.367 0.000465393 2680 2144
114.428 0.0601501 2144 1656
114.428 0.000473022 1656 1557
114.491 0.0624924 1557 1072
114.614 0.123131 1072 536
114.675 0.0615387 536 1557
114.675 0 1557 1741
114.737 0.0620193 1741 1906
114.799 0.0615463 1906 2056
114.86 0.0615463 2056 2195
114.922 0.0615463 2195 2325
114.923 0.000946045 2325 2448
114.984 0.0610733 2448 2565
114.985 0.000938416 2565 2677
115.046 0.0610809 2677 2784
115.047 0.000938416 2784 2887
115.109 0.0620193 2887 2986
115.17 0.0615463 2986 3082
115.232 0.0615463 3082 3175
115.294 0.0615463 3175 3265
115.355 0.0615463 3265 3352
115.416 0.0610733 3352 3437
115.418 0.00188446 3437 3520
115.479 0.0610733 3520 3601
115.54 0.0610733 3601 3680
115.542 0.00189209 3680 3758
115.603 0.0610733 3758 3834
115.665 0.0615463 3834 3908
115.85 0.185577 3908 3981
116.035 0.184639 3981 4053
116.098 0.0634537 4053 3216
116.099 0.000473022 3216 2985
116.099 0.000465393 2985 2680
116.16 0.0606079 2680 2985
116.22 0.0601425 2985 3081
116.282 0.0615463 3081 3174
116.343 0.0615463 3174 3264
116.405 0.0615463 3264 3352
116.466 0.0615692 3352 2680
116.528 0.0615387 2680 2816
116.532 0.00377655 2816 2918
116.593 0.0615463 2918 3016
116.655 0.0615463 3016 3111
116.716 0.0615463 3111 3203
116.778 0.0615463 3203 3292
116.839 0.0615463 3292 3379
116.9 0.0610733 3379 3464
116.902 0.00188446 3464 3546
116.963 0.0610733 3546 3627
117.024 0.0610733 3627 3706
117.087 0.0625305 3706 2680
117.088 0.000961304 2680 2144
117.149 0.0606079 2144 2680
117.149 0.000938416 2680 2816
117.211 0.0611115 2816 2144
117.272 0.0615463 2144 2280
117.273 0.000495911 2280 2144
117.334 0.0610733 2144 1608
117.395 0.0615463 1608 2280
117.456 0.0606384 2280 2406
117.457 0.00137329 2406 2525
117.518 0.0606461 2525 2638
117.519 0.00137329 2638 2746
117.58 0.0606384 2746 2850
117.641 0.0615463 2850 2950
117.703 0.0615463 2950 3047
117.765 0.0615692 3047 2144
117.826 0.0615387 2144 2280
117.888 0.0615463 2280 2406
117.89 0.0018692 2406 2525
117.95 0.0601501 2525 2638
117.952 0.0018692 2638 2746
118.012 0.0601501 2746 2850
118.073 0.0615463 2850 2950
118.135 0.0615463 2950 3047
118.196 0.0615463 3047 3141
118.258 0.0615463 3141 3232
118.319 0.0615387 3232 3320
118.322 0.00234222 3320 3406
118.382 0.0606232 3406 3490
118.443 0.0610962 3490 2680
118.444 0.000465393 2680 2280
118.444 0.000473022 2280 2144
118.505 0.0606003 2144 2280
118.567 0.0615692 2280 2406
118.569 0.00234222 2406 2525
118.629 0.0596771 2525 2638
118.631 0.00233459 2638 2746
118.691 0.0596771 2746 2850
118.752 0.0615463 2850 2950
118.816 0.0638885 2950 3047
118.878 0.0615463 3047 3141
118.939 0.0615463 3141 3232
119.001 0.0615463 3232 3320
119.063 0.0620346 3320 2680
119.063 0.000473022 2680 2280
119.064 0.000473022 2280 2144
119.124 0.0606003 2144 2280
119.186 0.0615616 2280 2406
119.188 0.00189209 2406 2525
119.248 0.0601273 2525 2638
119.25 0.00189209 2638 2746
119.31 0.0601273 2746 2850
119.371 0.0615463 2850 2950
119.435 0.0634537 2950 2144
119.496 0.0615463 2144 2280
119.558 0.0615387 2280 2406
119.618 0.0601501 2406 2525
119.62 0.0018692 2525 2638
119.68 0.0601501 2638 2746
119.682 0.0018692 2746 2850
119.744 0.0615463 2850 2950
119.805 0.0615463 2950 3047
119.867 0.0615463 3047 3141
119.928 0.0615463 3141 3232
119.99 0.0615463 3232 3320
120.05 0.0606155 3320 3406
120.053 0.00234222 3406 3490
120.114 0.0610733 3490 3572
120.174 0.0606232 3572 3652
120.177 0.00234222 3652 3730
120.238 0.0610733 3730 3807
120.299 0.0615616 3807 3216
120.3 0.000473022 3216 2680
120.3 0.000473022 2680 2280
120.36 0.0592194 2280 2144
120.361 0.00139618 2144 2280
120.422 0.0615692 2280 2406
120.546 0.123131 2406 1608
120.607 0.0615463 1608 1870
120.608 0.000938416 1870 2023
120.67 0.0615463 2023 2165
120.731 0.0615463 2165 2297
120.732 0.000946045 2297 2422
120.793 0.0610733 2422 2540
120.794 0.000946045 2540 2653
120.855 0.0610733 2653 2761
120.856 0.000938416 2761 2865
120.918 0.0620193 2865 2965
120.98 0.0615463 2965 3061
121.042 0.0624924 3061 3154
121.104 0.0615463 3154 3245
121.165 0.0615463 3245 3333
121.167 0.00188446 3333 3419
121.228 0.0610733 3419 3503
121.289 0.0610733 3503 3585
121.291 0.00189209 3585 3665
121.352 0.0610733 3665 3743
121.413 0.0610886 3743 2680
121.414 0.000473022 2680 2144
121.414 0.000473022 2144 1870
121.415 0.000488281 1870 1608
121.475 0.060112 1608 1870
121.536 0.0610962 1870 2023
121.598 0.0615463 2023 2165
121.721 0.123596 2165 1608
121.783 0.0615463 1608 1629
121.784 0.000946045 1629 1805
121.908 0.124069 1805 1072
121.969 0.0615463 1072 1269
122.031 0.0615692 1269 1495
122.093 0.0620193 1495 1687
122.155 0.0620117 1687 1857
122.216 0.0615463 1857 2011
122.278 0.0615463 2011 2153
122.34 0.0615463 2153 2286
122.34 0.000946045 2286 2411
122.402 0.0610733 2411 2530
122.402 0.000946045 2530 2643
122.464 0.0610733 2643 2751
122.526 0.0625076 2751 2144
122.587 0.0606155 2144 1608
122.587 0.000473022 1608 1269
122.588 0.000473022 1269 1072
122.588 0.000450134 1072 1269
122.65 0.0615692 1269 1495
122.712 0.0620193 1495 1687
122.774 0.0620117 1687 1857
122.835 0.0615463 1857 2011
122.897 0.0615463 2011 2153
122.958 0.0615463 2153 2286
122.959 0.000946045 2286 2411
123.02 0.0610733 2411 2530
123.021 0.000946045 2530 2643
123.082 0.0610733 2643 2751
123.083 0.000938416 2751 2855
123.145 0.0620193 2855 2955
123.207 0.0615463 2955 3052
123.268 0.0615463 3052 3146
123.33 0.0615463 3146 3237
123.392 0.0615463 3237 3325
123.392 0.000946045 3325 3411
123.454 0.0620117 3411 3495
123.516 0.0610733 3495 3577
123.517 0.00189209 3577 3657
123.579 0.0610733 3657 3735
123.641 0.0620193 3735 3811
123.641 0.000938416 3811 3886
123.704 0.0629654 3886 4288
123.827 0.12262 4288 4824
123.888 0.0610733 4824 5360
123.95 0.0615463 5360 5896
124.013 0.0629807 5896 5360
124.013 0.000473022 5360 4969
124.014 0.000473022 4969 4422
124.014 0.000465393 4422 4288
124.074 0.0601349 4288 4422
124.136 0.0615616 4422 4824
124.258 0.12262 4824 5360
124.324 0.065773 5360 5896
124.386 0.0620575 5896 5360
124.387 0.000473022 5360 4969
124.387 0.000473022 4969 4422
124.444 0.0572968 4422 4288
124.448 0.00377655 4288 4422
124.507 0.0592041 4422 3752
124.569 0.0611115 3752 3216
124.569 0.000450134 3216 3752
124.63 0.0610962 3752 3886
124.691 0.0610886 3886 4288
124.817 0.125458 4288 4824
124.878 0.0610733 4824 5360
124.939 0.0615463 5360 5896
125.062 0.122612 5896 6432
125.248 0.186073 6432 5896
125.248 0.000473022 5896 5514
125.249 0.000473022 5514 4824
125.371 0.122185 4824 4288
125.433 0.0620346 4288 3752
125.495 0.0615692 3752 4288
125.621 0.125885 4288 4824
125.681 0.0601883 4824 5360
125.742 0.0615463 5360 5896
125.864 0.121674 5896 6432
125.992 0.127808 6432 6968
126.05 0.0577927 6968 6432
126.05 0.000473022 6432 6057
126.051 0.000465393 6057 5870
126.051 0.000946045 5870 5226
126.053 0.00143433 5226 4824
126.054 0.000946045 4824 4288
126.111 0.0572968 4288 5226
126.114 0.00332642 5226 4824
126.116 0.00139618 4824 5226
126.177 0.0610886 5226 5360
126.238 0.0615463 5360 5896
126.3 0.0611115 5896 5360
126.3 0.000473022 5360 4824
126.361 0.0610962 4824 5226
126.547 0.18605 5226 4288
126.609 0.0615463 4288 4690
126.731 0.122208 4690 4751
126.79 0.05867 4751 4811
126.795 0.00523376 4811 4824
126.857 0.0625076 4824 4288
126.981 0.123581 4288 4824
127.042 0.0610733 4824 5360
127.104 0.0615463 5360 5896
127.164 0.060585 5896 6432
127.226 0.0615463 6432 6968
127.346 0.120216 6968 7504
127.477 0.131157 7504 8040
127.537 0.0601273 8040 8576
127.599 0.0615463 8576 9112
127.658 0.0596771 9112 8576
127.659 0.000473022 8576 8224
127.659 0.000473022 8224 8048
127.66 0.000473022 8048 7871
127.66 0.000473022 7871 7695
127.661 0.000465393 7695 7519
127.662 0.000946045 7519 6834
127.662 0.000473022 6834 6432
127.717 0.0549393 6432 5896
127.72 0.00284576 5896 6834
127.721 0.000946045 6834 6432
127.724 0.00332642 6432 5896
127.779 0.0544434 5896 6834
127.782 0.00285339 6834 6432
127.782 0.000473022 6432 6298
127.783 0.000473022 6298 5896
127.786 0.00330353 5896 6298
127.787 0.00143433 6298 5896
127.842 0.0544281 5896 6298
127.903 0.0615463 6298 6432
127.911 0.00760651 6432 5896
128.033 0.122643 5896 6432
128.149 0.115494 6432 5896
128.22 0.0705872 5896 6432
128.281 0.0610962 6432 5896
128.403 0.122635 5896 6432
128.526 0.12262 6432 5896
128.528 0.00193787 5896 5360
128.587 0.0596313 5360 5896
128.645 0.0572815 5896 5360
128.829 0.184143 5360 5896
128.836 0.00672913 5896 5360
128.953 0.116867 5360 4824
129.075 0.12265 4824 5360
129.206 0.130737 5360 5896
129.263 0.0567474 5896 5360
129.267 0.00480652 5360 4824
129.385 0.117828 4824 5360
129.448 0.0624847 5360 5896
129.569 0.121658 5896 6432
129.701 0.131241 6432 5896
129.702 0.000961304 5896 5514
129.755 0.052948 5514 4824
129.755 0.000473022 4824 4288
129.762 0.00717163 4288 4824
129.824 0.0620422 4824 5360
129.886 0.0615387 5360 5896
129.947 0.0610809 5896 6432
130.008 0.0615387 6432 6968
130.07 0.0620422 6968 6432
130.071 0.000473022 6432 6057
130.071 0.000473022 6057 5870
130.073 0.00143433 5870 5226
130.073 0.000473022 5226 4288
130.132 0.0587158 4288 5226
130.134 0.00238037 5226 4824
130.135 0.000442505 4824 5226
130.251 0.116425 5226 4824
130.255 0.00387573 4824 4690
130.256 0.000473022 4690 4288
130.312 0.0567322 4288 4690
130.374 0.0615387 4690 4824
130.496 0.122604 4824 5360
130.62 0.123108 5360 4824
130.62 0.000473022 4824 4690
130.621 0.000473022 4690 4288
130.681 0.0606079 4288 4690
130.751 0.0701752 4690 4751
130.808 0.0571594 4751 4824
130.871 0.0625153 4824 4288
130.937 0.0659332 4288 3752
130.998 0.061554 3752 4288
131.118 0.119217 4288 4824
131.175 0.0577393 4824 5360
131.184 0.00863647 5360 4288
131.308 0.123581 4288 4824
131.367 0.0590973 4824 5360
131.428 0.0615387 5360 5896
131.489 0.0610809 5896 6432
131.551 0.0615387 6432 6968
131.67 0.11879 6968 7504
131.803 0.133179 7504 6968
131.803 0.000473022 6968 6600
131.855 0.0514832 6600 6416
131.855 0.000473022 6416 5628
131.856 0.000473022 5628 5360
131.864 0.00773621 5360 4824
131.865 0.00140381 4824 5628
131.917 0.0524139 5628 5360
131.927 0.00961304 5360 5628
131.989 0.061554 5628 5896
132.046 0.057663 5896 6432
132.108 0.061554 6432 6968
132.226 0.118759 6968 7504
132.361 0.134125 7504 8040
132.422 0.0610809 8040 8576
132.483 0.0615387 8576 9112
132.607 0.123566 9112 9648
132.784 0.17691 9648 10184
132.845 0.0610657 10184 10720
132.855 0.0101166 10720 10184
132.855 0.000473022 10184 9843
132.856 0.000457764 9843 9673
132.856 0.000473022 9673 9502
132.857 0.000473022 9502 9332
132.857 0.000473022 9332 9161
132.858 0.000473022 9161 8991
132.858 0.000473022 8991 8040
132.978 0.119339 8040 8576
133.03 0.0523987 8576 8040
133.044 0.0143738 8040 7504
133.091 0.0471954 7504 8040
133.167 0.0754395 8040 8576
133.277 0.110184 8576 8040
133.598 0.320679 8040 7504
133.656 0.057785 7504 6968
133.659 0.00378418 6968 7504
133.84 0.180389 7504 8040
133.895 0.0556793 8040 8576
133.903 0.00776672 8576 8040
133.907 0.00331116 8040 7504
134.027 0.12027 7504 8040
134.088 0.0610809 8040 8576
134.149 0.0615387 8576 9112
134.212 0.0625153 9112 8576
134.213 0.000946045 8576 8294
134.213 0.000473022 8294 7504
134.325 0.111603 7504 6968
134.326 0.000946045 6968 6432
134.387 0.0606232 6432 6968
134.448 0.061554 6968 6432
134.521 0.0726624 6432 5896
