Waf: Entering directory `/home/anon/tarball/ns-allinone-3.35/ns-3.35/build'
Waf: Leaving directory `/home/anon/tarball/ns-allinone-3.35/ns-3.35/build'
Build commands will be stored in build/compile_commands.json
'build' finished successfully (0.558s)
0.0602784 0.0602784 0 5360
0.121867 0.0615888 5360 5896
0.122811 0.000943996 5896 6432
0.123755 0.000944003 6432 6968
0.125662 0.0019072 6968 6432
0.311715 0.186053 6432 6968
0.372789 0.0610736 6968 7504
0.434334 0.0615456 7504 8040
0.498278 0.063944 8040 7504
0.49875 0.000471979 7504 6432
0.682954 0.184203 6432 6968
0.744008 0.0610544 6968 7504
0.805554 0.0615456 7504 8040
0.927701 0.122147 8040 7504
0.928173 0.000472009 7504 7189
0.929136 0.000963151 7189 6432
1.172 0.242859 6432 6968
1.17957 0.00757122 6968 7504
1.24111 0.0615456 7504 8040
1.30219 0.0610737 8040 8576
1.36373 0.0615455 8576 9112
1.42105 0.0573169 9112 8576
1.42152 0.00047195 8576 8224
1.42199 0.00047195 8224 8048
1.4253 0.003304 8048 7871
1.42577 0.000472069 7871 7695
1.42624 0.00047195 7695 7519
1.42671 0.000472069 7519 7342
1.42718 0.00047195 7342 6834
1.42766 0.000472069 6834 6432
1.43004 0.00237918 6432 5896
1.48261 0.0525776 5896 6834
1.48356 0.000943899 6834 6432
1.49068 0.00711846 6432 5896
1.4916 0.000924826 5896 6834
1.54422 0.052616 6834 5896
1.55224 0.00802398 5896 6298
1.55316 0.000924826 6298 5896
1.60576 0.0525968 5896 6298
1.66685 0.0610927 6298 6432
1.7284 0.0615456 6432 6968
1.80029 0.0718912 6968 7504
1.8534 0.0531073 7504 6968
1.85387 0.00047195 6968 6684
1.85434 0.00047195 6684 6298
1.85904 0.0047009 6298 5896
1.91542 0.0563728 5896 6298
2.04419 0.128774 6298 5360
2.04466 0.000472069 5360 4824
2.10576 0.0610926 4824 5360
2.10621 0.000452995 5360 5762
2.16122 0.0550144 5762 4824
2.22277 0.0615456 4824 5226
2.29417 0.0713999 5226 5360
2.41401 0.119845 5360 4824
2.41448 0.00047183 4824 3752
2.47558 0.0610929 3752 4288
2.47605 0.000472069 4288 4824
2.53714 0.0610929 4824 4288
2.66167 0.124526 4288 3752
2.72463 0.0629616 3752 3216
2.72656 0.00192642 3216 2680
2.7862 0.0596385 2680 3216
2.7862 0 3216 3752
2.84916 0.0629616 3752 4288
2.97178 0.122619 4288 4824
3.03194 0.060168 4824 4883
3.09349 0.0615456 4883 5360
3.21896 0.12547 5360 4824
3.21943 0.000472069 4824 4422
3.2199 0.00047183 4422 4020
3.22038 0.000472069 4020 3752
3.28051 0.0601296 3752 4020
3.3416 0.0610929 4020 4091
4.20416 0.862563 4091 4161
4.26571 0.0615454 4161 4230
4.51189 0.246182 4230 4297
4.57393 0.062037 4297 3752
4.63547 0.0615454 3752 3761
4.88403 0.248562 3761 3216
4.94605 0.0620174 3216 3225
5.06869 0.122639 3225 3314
5.12884 0.0601487 3314 2680
5.19038 0.0615454 2680 2778
5.25148 0.0610929 2778 2881
5.31302 0.0615458 2881 2980
5.37457 0.0615454 2980 3076
5.43611 0.0615458 3076 3169
5.49766 0.0615454 3169 3259
5.5592 0.0615454 3259 3347
5.56202 0.00281286 3347 3432
5.62217 0.0601492 3432 3515
5.68324 0.0610733 3515 3596
5.68605 0.00281286 3596 3675
5.7462 0.0601487 3675 3753
5.80728 0.0610738 3753 3829
5.87026 0.0629807 3829 2680
5.93182 0.0615649 2680 2778
5.99337 0.0615454 2778 2881
6.05491 0.0615458 2881 2980
6.11646 0.0615454 2980 3076
6.178 0.0615458 3076 3169
6.23955 0.0615454 3169 3259
6.30109 0.0615458 3259 3347
6.30298 0.0018878 3347 3432
6.36406 0.0610738 3432 3515
6.42513 0.0610733 3515 3596
6.42704 0.00190735 3596 2680
6.48858 0.0615458 2680 2778
6.54968 0.0610924 2778 2881
6.61124 0.0615649 2881 2144
6.67279 0.0615458 2144 2345
6.73433 0.0615454 2345 2467
6.85793 0.123601 2467 2144
6.91901 0.0610738 2144 1931
6.98055 0.0615458 1931 2079
7.0421 0.0615454 2079 2217
7.10364 0.0615458 2217 2346
7.10459 0.000943661 2346 2468
7.16566 0.0610738 2468 2584
7.1666 0.000944138 2584 2695
7.22768 0.0610733 2695 2801
7.28922 0.0615458 2801 2903
7.35077 0.0615454 2903 3001
7.41232 0.0615458 3001 3096
7.47386 0.0615454 3096 3188
7.53541 0.0615458 3188 3278
7.59695 0.0615454 3278 3365
7.59884 0.00188828 3365 3450
7.65991 0.0610733 3450 3533
7.72195 0.062037 3533 2680
7.72242 0.000472069 2680 2144
7.72289 0.000471592 2144 1931
7.78304 0.0601492 1931 1608
7.7835 0.000452518 1608 1931
7.84506 0.0615649 1931 2079
7.90661 0.0615454 2079 2217
8.02974 0.123129 2217 1608
8.09128 0.0615463 1608 1681
8.09223 0.000944138 1681 1851
8.15377 0.0615454 1851 2006
8.21532 0.0615454 2006 2149
8.27686 0.0615454 2149 2282
8.27781 0.000944138 2282 2407
8.33888 0.0610733 2407 2526
8.33982 0.000944138 2526 2639
8.4009 0.0610743 2639 2747
8.40184 0.000943184 2747 2851
8.46386 0.0620184 2851 2951
8.5254 0.0615454 2951 3048
8.58695 0.0615454 3048 3142
8.6485 0.0615454 3142 3233
8.71004 0.0615463 3233 3321
8.77112 0.0610733 3321 3407
8.773 0.00188828 3407 3491
8.83408 0.0610733 3491 3573
8.89517 0.0610924 3573 2680
8.89564 0.000472069 2680 2144
8.89611 0.000472069 2144 1681
8.8966 0.000491142 1681 1608
8.95672 0.060111 1608 1681
9.01781 0.0610924 1681 1851
9.07935 0.0615454 1851 2006
9.1409 0.0615463 2006 2149
9.20244 0.0615454 2149 2282
9.20339 0.000944138 2282 2407
9.26543 0.0620365 2407 1608
9.32697 0.0615454 1608 1681
9.38806 0.0610933 1681 1851
9.44961 0.0615454 1851 2006
9.51116 0.0615454 2006 2149
9.5727 0.0615454 2149 2282
9.57364 0.000944138 2282 2407
9.63472 0.0610733 2407 2526
9.63566 0.000944138 2526 2639
9.69674 0.0610743 2639 2747
9.69768 0.000944138 2747 2851
9.82083 0.123148 2851 2144
9.8213 0.000472069 2144 1608
9.88239 0.0610933 1608 1681
9.94394 0.0615454 1681 1851
10.0055 0.0615454 1851 2006
10.0675 0.0620174 2006 2149
10.1295 0.0620184 2149 2282
10.1305 0.000943184 2282 2407
10.1915 0.0610743 2407 2526
10.2536 0.0620174 2526 2639
10.3156 0.0620174 2639 2747
10.3165 0.000944138 2747 2851
10.3785 0.0620174 2851 2951
10.4401 0.0615454 2951 3048
10.5016 0.0615463 3048 3142
10.5637 0.0620365 3142 2144
10.6243 0.0606203 2144 1681
10.6248 0.000472069 1681 1608
10.6257 0.000925064 1608 1681
10.6868 0.0610924 1681 1851
10.7483 0.0615463 1851 2006
10.8099 0.0615454 2006 2149
10.8714 0.0615454 2149 2282
10.8724 0.000944138 2282 2407
10.9344 0.0620365 2407 1608
10.9959 0.0615463 1608 1681
11.057 0.0610924 1681 1851
11.1186 0.0615454 1851 2006
11.1801 0.0615463 2006 2149
11.2417 0.0615454 2149 2282
11.2426 0.000944138 2282 2407
11.3037 0.0610733 2407 2526
11.3046 0.000944138 2526 2639
11.3657 0.0610733 2639 2747
11.3666 0.000944138 2747 2851
11.4287 0.0620365 2851 2144
11.4292 0.000472069 2144 1681
11.4893 0.0601492 1681 1608
11.4902 0.00092411 1608 1681
11.5513 0.0610933 1681 1851
11.6129 0.0615454 1851 2006
11.6744 0.0615454 2006 2149
11.736 0.0615463 2149 2282
11.8591 0.123129 2282 1608
11.9206 0.0615463 1608 1681
11.9216 0.000943184 1681 1851
11.9831 0.0615463 1851 2006
12.0447 0.0615454 2006 2149
12.1062 0.0615454 2149 2282
12.1072 0.000944138 2282 2407
12.1682 0.0610733 2407 2526
12.1692 0.000944138 2526 2639
12.2302 0.0610743 2639 2747
12.2312 0.000943184 2747 2851
12.2932 0.0620184 2851 2951
12.3548 0.0615454 2951 3048
12.4163 0.0615454 3048 3142
12.5385 0.122167 3142 2144
12.5389 0.000472069 2144 1681
12.5394 0.000491142 1681 1608
12.6014 0.0620174 1608 1681
12.6014 0 1681 1851
12.6635 0.0620174 1851 2006
12.725 0.0615454 2006 2149
12.7866 0.0615463 2149 2282
12.7875 0.000943184 2282 2407
12.8486 0.0610743 2407 2526
12.9106 0.0620365 2526 1608
12.9722 0.0615454 1608 1681
13.0332 0.0610933 1681 1851
13.0948 0.0615454 1851 2006
13.1563 0.0615454 2006 2149
13.2179 0.0615454 2149 2282
13.2799 0.0620375 2282 1608
13.3415 0.0615644 1608 1681
13.4026 0.0611124 1681 1608
13.4031 0.000472069 1608 1072
13.4646 0.0615454 1072 1681
13.4646 0 1681 1851
13.5877 0.12313 1851 1072
13.6493 0.0615454 1072 1315
13.7108 0.0615454 1315 1533
13.7729 0.0620174 1533 1720
13.8974 0.124546 1720 1072
13.9589 0.0615454 1072 1184
14.0205 0.0615644 1184 1426
14.0825 0.0620184 1426 1627
14.1445 0.0620174 1627 1803
14.2061 0.0615454 1803 1962
14.2676 0.0615454 1962 2108
14.3292 0.0615454 2108 2244
14.3907 0.0615463 2244 2372
14.3917 0.000944138 2372 2493
14.4537 0.0620365 2493 1608
14.5143 0.0606203 1608 1184
14.5148 0.000472069 1184 1072
14.5153 0.000452995 1072 1184
14.5768 0.0615644 1184 1426
14.6388 0.0620184 1426 1627
14.7009 0.0620174 1627 1803
14.824 0.12313 1803 1072
14.8855 0.0615454 1072 1184
14.9471 0.0615454 1184 1426
15.0091 0.0620174 1426 1627
15.0711 0.0620174 1627 1803
15.1327 0.0615463 1803 1962
15.1942 0.0615454 1962 2108
15.3183 0.124073 2108 1072
15.3798 0.0615463 1072 1184
15.4414 0.0615644 1184 1426
15.5034 0.0620174 1426 1627
15.5654 0.0620174 1627 1803
15.627 0.0615463 1803 1962
15.6885 0.0615454 1962 2108
15.7501 0.0615454 2108 2244
15.8116 0.0615454 2244 2372
15.8125 0.000944138 2372 2493
15.8736 0.0610733 2493 2608
15.8746 0.000944138 2608 2718
15.9356 0.0610743 2718 2823
15.9972 0.0615454 2823 2924
16.0587 0.0615454 2924 3022
16.1212 0.0624905 3022 3117
16.1828 0.0615444 3117 3209
16.2443 0.0615463 3209 3298
16.3073 0.0629807 3298 2144
16.3078 0.000471115 2144 1608
16.3679 0.0601501 1608 1184
16.3684 0.000471115 1184 1072
16.3689 0.000473022 1072 1184
16.4915 0.122618 1184 1426
16.5535 0.0620174 1426 1627
16.6155 0.0620193 1627 1803
16.6771 0.0615444 1803 1962
16.7386 0.0615463 1962 2108
16.8001 0.0615444 2108 2244
16.8617 0.0615463 2244 2372
16.8626 0.000944138 2372 2493
16.9237 0.0610733 2493 2608
16.9247 0.000944138 2608 2718
16.9857 0.0610733 2718 2823
17.0473 0.0615463 2823 2924
17.1098 0.0624886 2924 3022
17.1713 0.0615463 3022 3117
17.2329 0.0615463 3117 3209
17.2944 0.0615444 3209 3298
17.3559 0.0615463 3298 3385
17.3578 0.00188828 3385 3469
17.4189 0.0610733 3469 3551
17.48 0.0610733 3551 3631
17.4819 0.00188828 3631 3710
17.542 0.0601292 3710 3787
17.5448 0.00283241 3787 3862
17.6064 0.0615444 3862 4288
17.729 0.12262 4288 4824
17.7896 0.0606022 4824 5360
17.8511 0.0615463 5360 5896
17.9169 0.0657921 5896 6432
17.9766 0.0596771 6432 5896
17.9771 0.000473022 5896 5514
17.9776 0.000471115 5514 4824
18.0993 0.121695 4824 5360
18.1608 0.0615463 5360 5896
18.2266 0.0657921 5896 5360
18.2271 0.000473022 5360 4824
18.3511 0.124035 4824 5360
18.4136 0.0625095 5360 4824
18.8426 0.428988 4824 3752
18.9042 0.0615654 3752 4288
19.0277 0.123564 4288 4824
19.0869 0.059166 4824 5360
19.1484 0.0615463 5360 5896
19.2161 0.0676422 5896 6432
19.3345 0.118429 6432 5896
19.335 0.000471115 5896 5514
19.3364 0.00143623 5514 4824
19.5192 0.182768 4824 4288
19.5243 0.00515366 4288 3752
19.5807 0.0564117 3752 4288
19.6474 0.0666981 4288 4824
19.7085 0.0610733 4824 5360
19.771 0.0624905 5360 5896
19.8899 0.1189 5896 6432
20.0205 0.130587 6432 6968
20.0825 0.0620174 6968 7504
20.145 0.0624886 7504 8040
20.2066 0.0615654 8040 7504
20.207 0.000471115 7504 7142
20.2075 0.000473022 7142 6961
20.208 0.000471115 6961 6030
20.2085 0.000473022 6030 5896
20.2686 0.0601292 5896 6030
20.3297 0.0610924 6030 6432
20.5077 0.178068 6432 6968
20.5688 0.0610733 6968 7504
20.6304 0.0615463 7504 8040
20.7647 0.134361 8040 8576
20.824 0.0592232 8576 8040
20.8263 0.00234032 8040 7683
20.8268 0.000473022 7683 7504
20.8272 0.000471115 7504 7326
20.8277 0.000473022 7326 6432
20.8808 0.0531254 6432 5896
20.8856 0.00472069 5896 5360
20.886 0.000452042 5360 6432
21.0651 0.17905 6432 5896
21.3098 0.244785 5896 5360
21.502 0.192188 5360 4824
21.6247 0.122639 4824 5360
21.6862 0.0615463 5360 5896
21.689 0.00283241 5896 5360
21.7416 0.0525951 5360 4824
21.8714 0.129719 4824 4288
21.9945 0.123112 4288 4824
21.9982 0.00377464 4824 5360
22.0608 0.0625095 5360 4824
22.1181 0.0572968 4824 4288
22.1848 0.0667572 4288 4824
22.2459 0.0610733 4824 5360
22.3046 0.0587139 5360 4824
22.3065 0.00190735 4824 4288
22.4277 0.121202 4288 4824
22.4329 0.00523186 4824 4288
22.5565 0.123581 4288 4824
22.6176 0.0610752 4824 5360
22.6791 0.0615444 5360 5896
22.7397 0.060564 5896 6432
22.8022 0.0624886 6432 6968
22.9262 0.124056 6968 6432
22.9267 0.000471115 6432 6057
22.9272 0.000471115 6057 5870
22.9277 0.000473022 5870 5226
22.9281 0.000471115 5226 4824
22.9878 0.0596581 4824 5226
23.0489 0.0610924 5226 5360
23.1133 0.0643787 5360 4824
23.2378 0.124525 4824 4288
23.422 0.184185 4288 4824
23.4821 0.0601292 4824 5360
23.5437 0.0615463 5360 5896
23.6663 0.12262 5896 6432
23.7288 0.0625076 6432 5896
23.7293 0.000473022 5896 5514
23.7297 0.000471115 5514 4824
23.8514 0.121695 4824 5360
23.913 0.0615463 5360 5896
24.0365 0.123581 5896 4824
24.1611 0.124527 4824 4288
24.2842 0.12311 4288 4824
24.3453 0.0610752 4824 5360
24.4082 0.0629807 5360 4824
24.4087 0.000471115 4824 4288
24.5318 0.12311 4288 4824
24.5929 0.0610752 4824 5360
24.6544 0.0615444 5360 5896
24.7202 0.065794 5896 6432
24.8443 0.124054 6432 5896
24.8448 0.000473022 5896 5514
24.9016 0.0568256 5514 4824
24.9646 0.0629807 4824 4288
25.0261 0.0615444 4288 4824
25.0294 0.00332451 4824 4288
25.0896 0.0601864 4288 3752
25.091 0.00139618 3752 4288
25.1526 0.0616035 4288 3752
25.2758 0.123131 3752 4288
25.458 0.182257 4288 4824
25.4623 0.00426674 4824 5360
25.5234 0.0610943 5360 4824
25.5238 0.000471115 4824 4422
25.5243 0.000471115 4422 4020
25.5248 0.000473022 4020 3752
25.5854 0.0606022 3752 4020
25.6465 0.0610924 4020 4288
25.8287 0.182238 4288 4824
25.833 0.00428772 4824 5360
25.8936 0.0606194 5360 4824
25.8941 0.000473022 4824 4422
25.8946 0.000471115 4422 4020
25.895 0.000473022 4020 3752
25.9543 0.0592232 3752 3216
25.9552 0.000925064 3216 4020
25.9566 0.00141525 4020 3752
26.0158 0.059206 3752 4020
26.0759 0.060091 4020 4288
26.1374 0.0615444 4288 4824
26.2615 0.124056 4824 4288
26.262 0.000471115 4288 4020
26.2624 0.000473022 4020 3752
26.323 0.0606003 3752 4020
26.3841 0.0610943 4020 4288
26.511 0.126886 4288 4824
26.5707 0.0596371 4824 5360
26.6322 0.0615463 5360 5896
26.7548 0.122639 5896 5360
26.7553 0.000471115 5360 4969
26.7558 0.000473022 4969 4422
26.7563 0.000471115 4422 4288
26.8164 0.0601292 4288 4422
26.8779 0.0615463 4422 4824
26.9433 0.0653591 4824 3752
27.0049 0.0615654 3752 4288
27.0674 0.0624905 4288 4824
27.1284 0.0610733 4824 5360
27.19 0.0615444 5360 5896
27.2506 0.0606022 5896 5360
27.251 0.000473022 5360 4969
27.2515 0.000490189 4969 4422
27.252 0.000473022 4422 4288
27.3121 0.0601101 4288 4422
27.3155 0.00336075 4422 3752
27.3775 0.0619984 3752 3886
27.4386 0.0610924 3886 4288
27.5001 0.0615463 4288 4824
27.6227 0.12262 4824 5360
27.8102 0.187468 5360 5896
27.8713 0.0610752 5896 6432
27.8741 0.00284958 6432 6004
27.8746 0.000473022 6004 5789
27.9319 0.0572968 5789 4824
27.9343 0.00239944 4824 4288
27.9352 0.000925064 4288 4824
28.0569 0.121695 4824 5360
28.1213 0.0643959 5360 4824
28.3041 0.182768 4824 5360
28.368 0.0639439 5360 4824
28.4253 0.0572605 4824 4288
28.4296 0.00430489 4288 4824
28.5536 0.124035 4824 5360
28.6152 0.0615463 5360 5413
28.6758 0.0606003 5413 5896
28.7368 0.0610752 5896 6432
28.7989 0.0620365 6432 5896
28.7994 0.000471115 5896 5514
28.7998 0.000473022 5514 4824
28.9215 0.121695 4824 5360
29.0488 0.127319 5360 5896
29.1099 0.0610733 5896 6432
29.1715 0.0615463 6432 6968
29.2359 0.0643959 6968 6432
29.2363 0.000473022 6432 6057
29.2368 0.000471115 6057 5870
29.2922 0.0554295 5870 5226
29.2927 0.000471115 5226 4824
29.2979 0.00517273 4824 5226
29.359 0.0610924 5226 5360
29.4201 0.0610943 5360 4824
29.5394 0.119333 4824 4288
29.5427 0.00334358 4288 3752
29.601 0.0582218 3752 4288
29.6658 0.0648689 4288 4824
29.7278 0.0620174 4824 5360
29.7894 0.0615463 5360 5896
29.912 0.122618 5896 6432
30.0394 0.12734 6432 6968
30.1009 0.0615635 6968 6432
30.1014 0.000473022 6432 6057
30.1019 0.000471115 6057 5870
30.1023 0.000473022 5870 5226
30.1028 0.000471115 5226 4824
30.1629 0.0601311 4824 5226
30.3438 0.18088 5226 4288
30.3467 0.00287056 4288 3752
30.4054 0.0586929 3752 4288
30.4082 0.00285149 4288 4690
30.4679 0.0596581 4690 3752
30.5299 0.0620174 3752 4154
30.591 0.0610924 4154 4223
30.6525 0.0615463 4223 4291
30.7141 0.0615463 4291 4357
30.7771 0.0629807 4357 3752
30.8386 0.0615444 3752 3821
30.9613 0.122639 3821 4288
31.0228 0.0615654 4288 3752
31.1492 0.126394 3752 3828
31.2108 0.0615463 3828 3903
31.332 0.121222 3903 3216
31.3935 0.0615463 3216 3367
31.4551 0.0615654 3367 3752
31.4593 0.00424767 3752 3828
31.5195 0.0601292 3828 3216
31.581 0.0615463 3216 3292
31.6426 0.0615444 3292 3752
31.7023 0.0596962 3752 3828
31.7638 0.0615463 3828 3903
31.8869 0.123091 3903 3976
32.3798 0.492855 3976 3216
32.4413 0.0615654 3216 3292
32.4432 0.00185013 3292 3216
32.4436 0.000473022 3216 2680
32.5052 0.0615463 2680 3292
32.5663 0.0610924 3292 3379
32.626 0.0597153 3379 3464
32.6292 0.00324631 3464 3546
32.6903 0.0610733 3546 3627
32.75 0.0597153 3627 3706
32.7533 0.00324631 3706 3783
32.8143 0.0610733 3783 3858
32.8759 0.0615463 3858 4288
33.0013 0.12545 4288 4824
33.0624 0.0610733 4824 5360
33.124 0.0615654 5360 4824
33.1245 0.000473022 4824 4422
33.1249 0.000469208 4422 4020
33.1254 0.000473022 4020 3752
33.1865 0.0610924 3752 4020
33.187 0.000473022 4020 3752
33.1874 0.000473022 3752 3216
33.249 0.0615616 3216 4020
33.3702 0.121223 4020 3216
33.4318 0.0615463 3216 3484
33.4933 0.0615654 3484 3752
33.4967 0.0033226 3752 3828
33.5582 0.0615463 3828 4288
33.6207 0.0625076 4288 3752
33.6785 0.0577507 3752 3484
33.6789 0.000473022 3484 3216
33.6823 0.0033226 3216 3484
33.7438 0.0615654 3484 3752
33.8049 0.0610733 3752 3828
33.8664 0.0615463 3828 4288
34.0501 0.183674 4288 3752
34.0506 0.000469208 3752 3484
34.0516 0.000984192 3484 3216
34.1117 0.0600891 3216 3484
34.1751 0.0634918 3484 2680
34.2348 0.0596581 2680 2144
34.2367 0.00190735 2144 2680
34.2964 0.059639 2680 2948
34.3007 0.00432587 2948 3045
34.3622 0.0615425 3045 3139
34.4243 0.0620384 3139 2144
34.4858 0.0615463 2144 2603
34.5454 0.059639 2603 2144
34.5474 0.00192642 2144 1608
34.6089 0.0615425 1608 2603
34.732 0.123131 2603 1608
34.7936 0.0615463 1608 2067
34.7945 0.00094223 2067 2205
34.8561 0.0615463 2205 2335
34.857 0.000946045 2335 2458
34.9181 0.0610733 2458 2574
34.919 0.00094223 2574 2685
34.9801 0.0610733 2685 2792
35.0417 0.0615463 2792 2894
35.1032 0.0615463 2894 2993
35.1648 0.0615463 2993 3088
35.2263 0.0615463 3088 3181
35.2878 0.0615425 3181 3271
35.3494 0.0615463 3271 3358
35.3513 0.00190735 3358 2680
35.411 0.0596581 2680 2144
35.4114 0.000473022 2144 2067
35.4119 0.000492096 2067 1608
35.4128 0.000923157 1608 2067
35.4739 0.0610924 2067 2205
35.5355 0.0615463 2205 2335
35.5364 0.00094223 2335 2458
35.5975 0.0610733 2458 2574
35.5984 0.000946045 2574 2685
35.6595 0.0610733 2685 2792
35.7211 0.0615463 2792 2894
35.7826 0.0615463 2894 2993
35.8442 0.0615425 2993 3088
35.9057 0.0615463 3088 3181
35.9672 0.0615463 3181 3271
36.0288 0.0615463 3271 3358
36.0307 0.00188828 3358 3443
36.0918 0.0610733 3443 3526
36.1528 0.0610733 3526 3607
36.1547 0.00188828 3607 3686
36.2158 0.0610733 3686 3763
36.2769 0.0610733 3763 3839
36.3384 0.0615463 3839 4288
36.4028 0.0643768 4288 4355
36.4658 0.0629807 4355 3752
36.5245 0.058712 3752 3216
36.649 0.124508 3216 3752
36.6499 0.000965118 3752 3828
36.7129 0.0629425 3828 4288
36.8355 0.12262 4288 4824
36.8975 0.0620346 4824 4288
36.898 0.000473022 4288 3874
36.8985 0.000473022 3874 3618
36.899 0.000469208 3618 3216
36.9591 0.0601311 3216 3618
37.0817 0.122658 3618 2680
37.1433 0.0615463 2680 3082
37.2044 0.0610924 3082 3175
37.2659 0.0615463 3175 3265
37.3275 0.0615425 3265 3352
37.389 0.0615654 3352 2680
37.4506 0.0615463 2680 2816
37.453 0.00238037 2816 2918
37.5145 0.0615463 2918 3016
37.5761 0.0615425 3016 3111
37.6376 0.0615463 3111 3203
37.6992 0.0615463 3203 3292
37.7607 0.0615463 3292 3379
37.8218 0.0610733 3379 3464
37.8833 0.0615654 3464 2680
37.9449 0.0615463 2680 2816
37.9473 0.00237656 2816 2918
38.0694 0.122169 2918 2144
38.131 0.0615425 2144 2382
38.1925 0.0615463 2382 2502
38.194 0.00143433 2502 2616
38.2545 0.060585 2616 2725
38.256 0.00143433 2725 2830
38.3175 0.0615463 2830 2931
38.3791 0.0615463 2931 3029
38.4406 0.0615425 3029 3123
38.5022 0.0615463 3123 3214
38.5637 0.0615463 3214 3303
38.6252 0.0615463 3303 3389
38.6863 0.0610542 3389 3473
38.6882 0.00190735 3473 3555
38.7493 0.0610733 3555 3635
38.8103 0.0610542 3635 3714
38.8724 0.0620346 3714 2680
38.8729 0.000492096 2680 2382
38.8733 0.000473022 2382 2144
38.9339 0.0605812 2144 2382
38.9955 0.0615654 2382 2502
38.9974 0.00190735 2502 2616
39.0575 0.060112 2616 2725
39.0594 0.00190735 2725 2830
39.121 0.0615425 2830 2931
39.1825 0.0615463 2931 3029
39.244 0.0615463 3029 3123
39.3056 0.0615463 3123 3214
39.3671 0.0615463 3214 3303
39.4287 0.0615425 3303 3389
39.4893 0.060585 3389 3473
39.4916 0.00237656 3473 3555
39.5527 0.0610771 3555 3635
39.6133 0.0605812 3635 3714
39.6157 0.00238037 3714 3791
39.6767 0.0610733 3791 3866
39.7383 0.0615616 3866 3216
39.7388 0.000473022 3216 2680
39.7393 0.000473022 2680 2382
39.7397 0.000473022 2382 2144
39.7999 0.0601273 2144 2382
39.8614 0.0615463 2382 2502
39.922 0.0606003 2502 2616
39.9234 0.00141907 2616 2725
39.984 0.0606003 2725 2830
40.0456 0.0615463 2830 2931
40.1071 0.0615463 2931 3029
40.1687 0.0615425 3029 3123
40.2302 0.0615463 3123 3214
40.2918 0.0615463 3214 3303
40.3533 0.0615463 3303 3389
40.3552 0.00188828 3389 3473
40.4163 0.0610733 3473 3555
40.4773 0.0610733 3555 3635
40.4792 0.00188828 3635 3714
40.5403 0.0610733 3714 3791
40.6014 0.0610733 3791 3866
40.6629 0.0615463 3866 4288
40.8495 0.186543 4288 3216
40.9726 0.123112 3216 3752
41.0336 0.0610733 3752 3828
41.0952 0.0615463 3828 4288
41.1567 0.0615463 4288 4355
41.1586 0.00188446 4355 4420
41.2197 0.0610771 4420 4484
41.2822 0.0625076 4484 3752
41.2827 0.000473022 3752 3216
41.4058 0.123108 3216 3752
41.4669 0.0610733 3752 3828
41.5284 0.0615463 3828 4288
41.59 0.0615654 4288 3752
41.5904 0.000473022 3752 3216
41.6525 0.0620346 3216 2680
41.714 0.0615463 2680 3216
41.7746 0.0606194 3216 3305
41.7775 0.00283432 3305 3391
41.8381 0.0605812 3391 3475
41.8987 0.0606232 3475 3557
41.9015 0.00283051 3557 3637
41.9621 0.0605812 3637 3715
42.0227 0.0606232 3715 3792
42.0255 0.00283051 3792 3867
42.0876 0.0620384 3867 3216
42.2107 0.123108 3216 3752
42.2718 0.0610733 3752 3828
42.3333 0.0615463 3828 4288
42.3949 0.0615463 4288 4824
42.517 0.122128 4824 5360
42.7045 0.187489 5360 5896
42.7655 0.0610542 5896 6432
42.8276 0.0620384 6432 5896
42.828 0.000469208 5896 5514
42.8295 0.00143814 5514 4824
42.8304 0.00094223 4824 4288
42.8896 0.0592041 4288 4824
42.8915 0.00190735 4824 4288
42.892 0.000453949 4288 4824
43.0113 0.119354 4824 4288
43.1979 0.186543 4288 4824
43.2021 0.00424957 4824 5360
43.2637 0.0615425 5360 5896
43.3243 0.0606232 5896 6432
43.3835 0.0592041 6432 5896
43.384 0.000473022 5896 4824
43.4503 0.0663223 4824 4288
43.5729 0.12262 4288 4355
43.6349 0.0620155 4355 4824
43.696 0.0610733 4824 5360
43.7576 0.0615463 5360 5896
43.8191 0.0615654 5896 5360
43.8201 0.000946045 5360 4422
43.8205 0.000469208 4422 4288
43.8811 0.0606041 4288 4422
44.0038 0.122639 4422 4824
44.0075 0.00375366 4824 5360
44.0691 0.0615463 5360 5896
44.1301 0.0610733 5896 6432
44.1917 0.0615463 6432 6968
44.2551 0.0634537 6968 6432
44.2556 0.000473022 6432 6057
44.2561 0.000469208 6057 5870
44.2566 0.000473022 5870 5226
44.257 0.000473022 5226 4824
44.3172 0.0601273 4824 5226
44.4976 0.180428 5226 4288
44.5591 0.0615463 4288 4690
44.6207 0.0615463 4690 4824
44.6865 0.0658112 4824 5360
44.8692 0.182732 5360 5896
44.873 0.0038147 5896 5360
44.9298 0.0568047 5360 5010
44.9303 0.000473022 5010 4690
44.9308 0.000473022 4690 4288
44.9346 0.00379562 4288 4690
44.9961 0.0615616 4690 4824
45.0572 0.0610771 4824 5360
45.1202 0.0629807 5360 4824
45.1207 0.000469208 4824 4690
45.1779 0.0572586 4690 4288
45.1822 0.00428772 4288 4690
45.2428 0.0606194 4690 4824
45.3039 0.0610161 4824 5360
45.364 0.0601501 5360 4824
45.3654 0.00141525 4824 4690
45.3659 0.000473022 4690 4288
45.4256 0.0596581 4288 4690
45.4294 0.00387192 4690 3752
45.4914 0.0619392 3752 4154
45.5525 0.0610924 4154 4288
45.7338 0.181335 4288 4824
45.739 0.0051918 4824 5360
45.8005 0.0615463 5360 5896
45.863 0.0625076 5896 5360
45.8635 0.000473022 5360 4969
45.864 0.000469208 4969 4422
45.9194 0.0554123 4422 4288
45.9251 0.00566101 4288 4422
45.9866 0.0615654 4422 4824
46.0477 0.0610733 4824 5360
46.1092 0.0615463 5360 5896
46.1698 0.060585 5896 6432
46.2342 0.064415 6432 6004
46.2347 0.000473022 6004 5789
46.2352 0.000469208 5789 4824
46.9056 0.670395 4824 4288
46.9719 0.0663033 4288 3752
47.523 0.551098 3752 3216
47.7081 0.185108 3216 3305
47.7692 0.0610733 3305 3391
47.771 0.00188828 3391 3475
47.8321 0.0610924 3475 2680
47.8937 0.0615463 2680 2939
47.8946 0.000965118 2939 2680
47.9553 0.0606194 2680 2144
47.9567 0.00143433 2144 1608
48.0168 0.0601311 1608 2939
48.0798 0.0629807 2939 2144
48.1414 0.0615463 2144 2403
48.2029 0.0615654 2403 2522
48.264 0.0610733 2522 2635
48.2649 0.00094223 2635 2744
48.326 0.0610733 2744 2848
48.3876 0.0615463 2848 2948
48.4491 0.0615463 2948 3045
48.5107 0.0615463 3045 3139
48.5722 0.0615425 3139 3230
48.6337 0.0615463 3230 3318
48.6356 0.00188828 3318 3404
48.6967 0.0610733 3404 3488
48.7592 0.0625076 3488 2680
48.7597 0.000473022 2680 2403
48.8198 0.0601501 2403 2144
48.8212 0.00139618 2144 2403
48.8828 0.0615654 2403 2522
48.9439 0.0610733 2522 2635
48.9448 0.00094223 2635 2744
49.0059 0.0610771 2744 2848
49.0674 0.0615425 2848 2948
49.129 0.0615463 2948 3045
49.1905 0.0615463 3045 3139
49.2521 0.0615654 3139 2144
49.3136 0.0615463 2144 2403
49.3752 0.0615425 2403 2522
49.3771 0.00190735 2522 2635
49.4372 0.060112 2635 2744
49.4391 0.00190735 2744 2848
49.5007 0.0615463 2848 2948
49.5622 0.0615463 2948 3045
49.6237 0.0615425 3045 3139
49.6853 0.0615463 3139 3230
49.7473 0.0620575 3230 2680
49.7478 0.000469208 2680 2144
49.8089 0.0610962 2144 2403
49.8709 0.0620346 2403 2522
49.932 0.0610733 2522 2635
49.933 0.000946045 2635 2744
49.994 0.0610733 2744 2848
50.0556 0.0615463 2848 2948
50.1171 0.0615425 2948 3045
50.1787 0.0615463 3045 3139
50.2402 0.0615463 3139 3230
50.3018 0.0615463 3230 3318
50.3037 0.00188828 3318 3404
50.3647 0.0610733 3404 3488
50.4272 0.0625076 3488 2680
50.4277 0.000473022 2680 2403
50.4879 0.0601501 2403 2144
50.4893 0.00139618 2144 2403
50.5508 0.0615654 2403 2522
50.6119 0.0610733 2522 2635
50.6128 0.00094223 2635 2744
50.6739 0.0610733 2744 2848
50.7355 0.0615463 2848 2948
50.797 0.0615463 2948 3045
50.8585 0.0615463 3045 3139
50.9201 0.0615425 3139 3230
50.9816 0.0615463 3230 3318
50.9835 0.00188828 3318 3404
51.0451 0.0615654 3404 2680
51.0456 0.000473022 2680 2403
51.1057 0.0601463 2403 2144
51.1071 0.00139999 2144 2403
51.1687 0.0615616 2403 2522
51.2297 0.0610733 2522 2635
51.2307 0.000946045 2635 2744
51.2918 0.0610733 2744 2848
51.3533 0.0615463 2848 2948
51.4149 0.0615463 2948 3045
51.4764 0.0615425 3045 3139
51.5379 0.0615463 3139 3230
51.5995 0.0615463 3230 3318
51.6014 0.00188828 3318 3404
51.6625 0.0610733 3404 3488
51.7235 0.0610733 3488 3570
51.7254 0.00188828 3570 3650
51.7865 0.0610733 3650 3728
51.8476 0.0610733 3728 3805
51.8494 0.00188828 3805 3880
51.9115 0.0620193 3880 4288
52.0341 0.12262 4288 4824
52.0952 0.0610733 4824 5360
52.1567 0.0615425 5360 5896
52.2225 0.0657959 5896 6432
52.4071 0.184635 6432 6968
52.4682 0.0610733 6968 7504
52.5288 0.0606232 7504 6968
52.5293 0.000469208 6968 6600
52.5298 0.000473022 6600 6416
52.5302 0.000473022 6416 5628
52.5307 0.000473022 5628 5360
52.5904 0.0596581 5360 5628
52.6519 0.0615425 5628 5896
52.7201 0.0681534 5896 6432
52.8427 0.12262 6432 6968
52.9042 0.0615463 6968 7504
52.9066 0.00238037 7504 6968
52.9071 0.000473022 6968 6600
52.9076 0.000469208 6600 6416
52.9639 0.0563545 6416 5628
52.9644 0.000473022 5628 5360
52.9686 0.00424576 5360 5628
53.0283 0.0596771 5628 4824
53.0894 0.0611305 4824 4288
53.0899 0.000473022 4288 4824
53.0904 0.000492096 4824 4288
53.0918 0.00143433 4288 3752
53.151 0.059185 3752 4288
53.1524 0.00139618 4288 3752
53.1534 0.000965118 3752 5092
53.8295 0.676075 5092 4288
53.8323 0.00285339 4288 3752
53.891 0.058712 3752 4288
53.8939 0.00283432 4288 4556
54.0146 0.12075 4556 4619
54.0804 0.0657921 4619 4824
54.1415 0.0610733 4824 5360
54.203 0.0615463 5360 5896
54.328 0.125 5896 5475
54.3285 0.000469208 5475 5265
54.329 0.000473022 5265 4556
54.3844 0.0554085 4556 4288
54.3886 0.00424957 4288 4556
54.4502 0.0615463 4556 4619
54.5079 0.0577698 4619 4681
54.5141 0.00613403 4681 4824
54.5752 0.0610733 4824 5360
54.6367 0.0615463 5360 5896
54.7593 0.12262 5896 6432
54.8209 0.0615654 6432 5360
54.8214 0.000469208 5360 4824
55.0633 0.241974 4824 4288
55.132 0.0686264 4288 4355
55.1954 0.0634537 4355 3752
55.2575 0.0620537 3752 3819
55.2579 0.000473022 3819 3216
55.3162 0.0582428 3216 2680
55.3195 0.00334167 2680 3216
56.1805 0.861 3216 2680
56.2421 0.0615845 2680 3216
56.244 0.00192642 3216 2680
56.2575 0.0134315 2680 536
56.5806 0.323093 536 1072
56.6426 0.0620155 1072 1608
56.7046 0.0620193 1608 2144
56.7046 0 2144 2278
56.7661 0.0615463 2278 2404
56.7671 0.00094223 2404 2523
56.8281 0.0610733 2523 2636
56.8291 0.000946045 2636 2744
56.8902 0.0610733 2744 2848
56.9517 0.0615463 2848 2948
57.0133 0.0615425 2948 3045
57.0748 0.0615463 3045 3139
57.1363 0.0615463 3139 3230
57.1979 0.0615654 3230 2680
57.1984 0.000473022 2680 2144
57.2614 0.0629997 2144 1608
57.3229 0.0615425 1608 2144
57.3826 0.0596581 2144 2278
57.3849 0.0023613 2278 2404
57.447 0.0620193 2404 2523
57.509 0.0620155 2523 2636
57.5099 0.000946045 2636 2744
57.571 0.0610733 2744 2848
57.6325 0.0615425 2848 2948
57.6941 0.0615463 2948 3045
57.7556 0.0615463 3045 3139
57.8172 0.0615463 3139 3230
57.8787 0.0615463 3230 3318
57.8806 0.00188828 3318 3404
57.9417 0.0610733 3404 3488
58.0028 0.0610733 3488 3570
58.0047 0.00188828 3570 3650
58.0657 0.0610733 3650 3728
58.1268 0.0610733 3728 3805
58.1287 0.00188828 3805 3880
58.1907 0.0620155 3880 4288
58.3143 0.123585 4288 3752
58.3148 0.000469208 3752 3216
58.4971 0.182297 3216 2680
58.561 0.0639458 2680 2787
58.6225 0.0615463 2787 2890
58.6841 0.0615425 2890 2989
58.7456 0.0615463 2989 3085
58.8072 0.0615463 3085 3178
58.8687 0.0615463 3178 3268
58.9303 0.0615463 3268 3355
58.9913 0.0610733 3355 3440
58.9932 0.00188828 3440 3523
59.1149 0.121693 3523 2680
59.1789 0.0639267 2680 2787
59.2404 0.0615425 2787 2890
59.3019 0.0615463 2890 2989
59.3635 0.0615463 2989 3085
59.425 0.0615463 3085 3178
59.4866 0.0615463 3178 3268
59.5481 0.0615425 3268 3355
59.6092 0.0610962 3355 2680
59.7319 0.122635 2680 2787
59.7934 0.0615463 2787 2890
59.8554 0.0620384 2890 2144
59.917 0.0615463 2144 2354
59.9786 0.0615654 2354 2476
59.9809 0.00233841 2476 2592
60.0429 0.0620193 2592 2702
60.1049 0.0620155 2702 2808
60.1665 0.0615463 2808 2910
60.229 0.0624886 2910 3008
60.2905 0.0615463 3008 3103
60.3526 0.0620575 3103 2144
60.3535 0.000961304 2144 1608
60.4141 0.0606041 1608 2144
60.4761 0.0620155 2144 2354
60.5377 0.0615463 2354 2476
60.5997 0.0620384 2476 1608
60.6613 0.0615425 1608 1940
60.7224 0.0610924 1940 2088
60.7839 0.0615463 2088 2225
60.8455 0.0615463 2225 2354
60.9075 0.0620193 2354 2476
60.9695 0.0620155 2476 2592
60.9704 0.000946045 2592 2702
61.0315 0.0610733 2702 2808
61.0935 0.0620346 2808 2144
61.0945 0.000965118 2144 1940
61.095 0.000469208 1940 1608
61.1551 0.060112 1608 1940
61.2162 0.0610924 1940 2088
61.2777 0.0615463 2088 2225
61.3393 0.0615463 2225 2354
61.3402 0.00094223 2354 2476
61.4013 0.0610733 2476 2592
61.5244 0.123131 2592 1608
61.586 0.0615463 1608 1940
61.5869 0.00094223 1940 2088
61.6485 0.0615463 2088 2225
61.71 0.0615463 2225 2354
61.711 0.00094223 2354 2476
61.773 0.0620193 2476 2592
61.835 0.0620155 2592 2702
61.8359 0.000946045 2702 2808
61.8979 0.0620155 2808 2910
61.9595 0.0615463 2910 3008
62.0816 0.122147 3008 3103
62.1441 0.0624924 3103 3195
62.2057 0.0615463 3195 3284
62.2682 0.0625076 3284 2680
62.2687 0.000473022 2680 2144
62.3288 0.0601654 2144 1940
62.3293 0.000473022 1940 1608
62.3297 0.000453949 1608 1940
62.3909 0.0611115 1940 1072
62.4524 0.0615463 1072 1940
62.5765 0.124073 1940 1072
62.638 0.0615463 1072 1404
62.6996 0.0615616 1404 1608
62.7616 0.0620193 1608 1786
63.0236 0.262016 1786 1946
63.0856 0.0620193 1946 2093
63.1472 0.0615463 2093 2230
63.2087 0.0615425 2230 2358
63.3324 0.123623 2358 2144
63.3328 0.000453949 2144 1608
63.3939 0.0611115 1608 1072
63.4555 0.0615463 1072 1404
63.517 0.0615425 1404 1608
63.579 0.0620193 1608 1786
63.6406 0.0615463 1786 1946
63.9026 0.262016 1946 2093
63.9646 0.0620193 2093 2230
64.0262 0.0615425 2230 2358
64.0271 0.000946045 2358 2479
64.0882 0.0610733 2479 2594
64.0891 0.000946045 2594 2704
64.1502 0.0610733 2704 2810
64.2117 0.0615463 2810 2912
64.2733 0.0615463 2912 3010
64.3348 0.0615387 3010 3105
64.3964 0.0615463 3105 3197
64.4579 0.0615463 3197 3286
64.5195 0.0615463 3286 3373
64.5214 0.00189209 3373 3458
64.5824 0.0610733 3458 3541
64.6435 0.0610733 3541 3622
64.7051 0.0615616 3622 2680
64.7055 0.000473022 2680 2144
64.7065 0.000961304 2144 1608
64.707 0.000473022 1608 1404
64.7074 0.000473022 1404 1072
64.7666 0.059166 1072 1404
64.8282 0.0615463 1404 1608
64.8902 0.0620193 1608 1786
64.9517 0.0615463 1786 1946
65.0133 0.0615463 1946 2093
65.0748 0.0615387 2093 2230
65.1364 0.0615463 2230 2358
65.1373 0.000946045 2358 2479
65.1984 0.0610733 2479 2594
65.1993 0.000946045 2594 2704
65.2604 0.0610733 2704 2810
65.3229 0.0625076 2810 2144
65.3234 0.000473022 2144 1608
65.3835 0.0601501 1608 1404
65.384 0.000473022 1404 1072
65.3844 0.000450134 1072 1404
65.446 0.0615616 1404 1608
65.508 0.0620193 1608 1786
65.5696 0.0615463 1786 1946
65.6311 0.0615463 1946 2093
65.6927 0.0615463 2093 2230
65.7542 0.0615463 2230 2358
65.7552 0.000938416 2358 2479
65.8162 0.0610809 2479 2594
65.8782 0.0620117 2594 2704
65.9403 0.0620193 2704 2810
66.0018 0.0615463 2810 2912
66.0648 0.0629807 2912 2144
66.1254 0.0606232 2144 1608
66.1259 0.000473022 1608 1404
66.1264 0.000465393 1404 1072
66.1268 0.000457764 1072 1404
66.1884 0.0615616 1404 1608
66.312 0.123604 1608 1072
66.4351 0.123093 1072 1340
66.4971 0.0620117 1340 1554
66.5591 0.0620193 1554 1738
66.6211 0.0620193 1738 1903
66.7442 0.123131 1903 1072
67.6211 0.876869 1072 536
67.9442 0.32309 536 1072
68.0062 0.0620193 1072 1340
68.0682 0.0620193 1340 1554
68.1303 0.0620193 1554 1738
68.1923 0.0620117 1738 1903
68.2538 0.0615463 1903 2053
68.3154 0.0615463 2053 2192
68.3769 0.0615463 2192 2323
68.439 0.0620346 2323 1608
68.4394 0.000495911 1608 1072
68.5621 0.12262 1072 1340
68.6241 0.0620117 1340 1554
68.6861 0.0620193 1554 1738
68.7481 0.0620193 1738 1903
68.8097 0.0615463 1903 2053
68.8712 0.0615463 2053 2192
68.9328 0.0615463 2192 2323
68.9337 0.000938416 2323 2446
68.9948 0.0610733 2446 2563
68.9957 0.000946045 2563 2675
69.0577 0.0620193 2675 2782
69.1197 0.0620193 2782 2885
69.1813 0.0615463 2885 2984
69.2428 0.0615463 2984 3080
69.3044 0.0615387 3080 3173
69.3659 0.0615463 3173 3263
69.4275 0.0615463 3263 3351
69.4294 0.00189209 3351 3436
69.4904 0.0610733 3436 3519
69.5534 0.0629807 3519 2144
69.614 0.0606155 2144 1608
69.6145 0.000473022 1608 1072
70.6765 1.06202 1072 536
70.7381 0.0615463 536 1072
70.7381 0 1072 1340
70.8001 0.0620193 1340 1554
70.8621 0.0620193 1554 1738
70.9241 0.0620117 1738 1903
70.9857 0.0615463 1903 2053
71.1088 0.123131 2053 1072
71.2319 0.123093 1072 1340
71.2939 0.0620193 1340 1554
71.3559 0.0620117 1554 1738
71.4179 0.0620193 1738 1903
71.4795 0.0615463 1903 2053
71.541 0.0615463 2053 2192
71.6026 0.0615463 2192 2323
71.6035 0.000946045 2323 2446
71.6646 0.0610733 2446 2563
71.6655 0.000938416 2563 2675
71.7266 0.0610733 2675 2782
71.7276 0.000946045 2782 2885
71.7896 0.0620193 2885 2984
71.8511 0.0615463 2984 3080
71.9127 0.0615463 3080 3173
71.9742 0.0615463 3173 3263
72.0358 0.0615463 3263 3351
72.0968 0.0610733 3351 3436
72.0987 0.00188446 3436 3519
72.1598 0.0610733 3519 3600
72.2209 0.0610733 3600 3679
72.2228 0.00189209 3679 3757
72.2838 0.0610733 3757 3833
72.3454 0.0615463 3833 4288
72.468 0.122635 4288 3752
72.4685 0.000473022 3752 3216
72.4704 0.00192261 3216 2680
72.5296 0.059166 2680 3216
72.5935 0.0639267 3216 3752
72.6546 0.0610733 3752 3828
72.7161 0.0615463 3828 4288
72.7777 0.0615463 4288 4355
72.9031 0.12545 4355 4824
72.9642 0.0610733 4824 5360
73.0257 0.0615463 5360 5896
73.0892 0.0634537 5896 5360
73.0897 0.000473022 5360 4969
73.0901 0.000473022 4969 4422
73.1474 0.0572968 4422 4288
73.1512 0.00377655 4288 4422
73.2104 0.0592041 4422 3752
73.272 0.0615463 3752 3886
73.3331 0.0610886 3886 4288
73.3946 0.0615463 4288 4824
73.3979 0.00330353 4824 4883
73.5187 0.12075 4883 4824
73.5201 0.00141907 4824 4400
73.5205 0.000473022 4400 3886
73.521 0.000473022 3886 3752
73.5797 0.0587082 3752 3886
73.5835 0.00379944 3886 3959
73.6451 0.0615463 3959 4288
73.7677 0.122597 4288 4355
73.8278 0.0601273 4355 4824
73.8325 0.00474548 4824 5360
73.8941 0.0615387 5360 5896
73.9552 0.0610809 5896 6432
74.0167 0.0615616 6432 5896
74.0172 0.000473022 5896 5514
74.0177 0.000473022 5514 4824
74.1398 0.122124 4824 5360
74.2624 0.12262 5360 5896
74.3235 0.0610733 5896 6432
74.3841 0.0606232 6432 5896
74.3846 0.000473022 5896 5514
74.3851 0.000473022 5514 4824
74.4471 0.0620346 4824 4288
74.4504 0.00334167 4288 3752
74.5087 0.0582199 3752 4824
74.5106 0.00193024 4824 4288
74.6318 0.121201 4288 3216
74.6933 0.0615692 3216 3752
74.6943 0.000923157 3752 4288
74.7554 0.0610886 4288 4824
74.7587 0.00334167 4824 5360
74.8203 0.0615463 5360 5896
74.8813 0.0610352 5896 6432
74.9428 0.0615463 6432 6968
75.0039 0.0610733 6968 7504
75.065 0.0610962 7504 6968
75.066 0.000961304 6968 6600
75.0664 0.000473022 6600 6416
75.0669 0.000473022 6416 5360
75.1285 0.0615463 5360 5628
75.1877 0.0592041 5628 5896
75.1919 0.00424957 5896 5360
75.3113 0.119354 5360 4824
75.4339 0.122635 4824 5360
75.6228 0.188866 5360 5896
75.6824 0.0596771 5896 6432
75.7435 0.0610962 6432 5896
75.744 0.000465393 5896 5514
75.7445 0.000473022 5514 4824
75.8107 0.066246 4824 5360
75.8723 0.0615463 5360 5896
75.9319 0.0596771 5896 5360
75.9324 0.000473022 5360 4824
76.1195 0.187035 4824 4288
76.3046 0.185127 4288 4824
76.3666 0.0620193 4824 5360
76.4291 0.0624924 5360 5896
76.6166 0.187485 5896 5360
76.617 0.000473022 5360 4969
76.6175 0.000473022 4969 4422
76.618 0.000473022 4422 4288
76.6781 0.0601273 4288 4422
76.7397 0.0615845 4422 3752
76.8013 0.0615845 3752 2680
76.8017 0.000450134 2680 3216
76.8629 0.0611115 3216 3752
76.8647 0.00183105 3752 3886
76.9249 0.0601883 3886 3959
76.9883 0.0633926 3959 3216
77.0498 0.0615463 3216 3423
77.1716 0.121758 3423 3506
77.2326 0.0610504 3506 3587
77.2354 0.0027771 3587 3667
77.2946 0.0592422 3667 3745
77.2984 0.00371552 3745 3821
77.3594 0.0610733 3821 3896
77.421 0.0615463 3896 4288
77.5464 0.12545 4288 4824
77.6075 0.0610733 4824 5360
77.6695 0.0620422 5360 4824
77.67 0.000465393 4824 4422
77.6705 0.000473022 4422 4020
77.671 0.000473022 4020 3752
77.7316 0.0606003 3752 4020
77.9768 0.245277 4020 3216
78.0379 0.0611115 3216 2680
78.0384 0.000457764 2680 3216
78.0995 0.0610886 3216 3484
78.2856 0.186096 3484 2680
78.3471 0.0615463 2680 2948
78.349 0.00188446 2948 3045
78.4106 0.0615463 3045 3139
78.4721 0.0615463 3139 3230
78.5337 0.0615463 3230 3318
78.5947 0.0610733 3318 3404
78.5966 0.00188446 3404 3488
78.6577 0.0610733 3488 3570
78.7188 0.0610733 3570 3650
78.7206 0.00189209 3650 3728
78.7817 0.0610733 3728 3805
78.8428 0.0610733 3805 3880
78.9043 0.0615463 3880 4288
79.0298 0.12545 4288 4824
79.0909 0.0610733 4824 5360
79.0928 0.00190735 5360 4824
79.0932 0.000473022 4824 4422
79.1515 0.0582428 4422 4020
79.152 0.000465393 4020 3752
79.1548 0.00281525 3752 4020
79.2159 0.0610962 4020 4288
79.3399 0.124054 4288 3752
79.4616 0.121696 3752 3828
79.5232 0.0615387 3828 4288
79.6486 0.125458 4288 4355
79.7106 0.0620117 4355 4824
79.7717 0.0610733 4824 5360
79.8332 0.0615463 5360 5896
79.8356 0.00238037 5896 5360
79.8361 0.000473022 5360 4969
79.8944 0.0582581 4969 4422
79.8948 0.000473022 4422 4288
79.8953 0.000473022 4288 3752
79.8977 0.00235748 3752 4422
79.9564 0.0587387 4422 4288
79.9568 0.000450134 4288 4422
80.0184 0.0615616 4422 4824
80.0213 0.00285339 4824 3752
80.0828 0.0615692 3752 4288
80.2035 0.120705 4288 4824
80.2069 0.0033493 4824 4288
80.33 0.123108 4288 4824
80.3911 0.0610733 4824 5360
80.4512 0.060112 5360 4824
80.4516 0.000473022 4824 4288
80.5743 0.122635 4288 4824
80.5781 0.0038147 4824 5360
80.6396 0.0615463 5360 5896
80.7017 0.0620346 5896 5360
80.7022 0.000473022 5360 4969
80.7031 0.000946045 4969 4422
80.7599 0.0567856 4422 4288
80.7632 0.00334167 4288 4422
80.8248 0.0615692 4422 4824
80.8858 0.0610504 4824 5360
80.9474 0.0615463 5360 5896
81.071 0.123566 5896 6432
81.2603 0.189354 6432 6968
81.3214 0.0610733 6968 7504
81.3233 0.00190735 7504 6968
81.3238 0.000473022 6968 6600
81.3777 0.0539551 6600 6416
81.3782 0.000473022 6416 5628
81.3801 0.00192261 5628 5360
81.3853 0.00517273 5360 5628
81.4469 0.0615692 5628 5896
81.5079 0.0610733 5896 6432
81.5695 0.0615463 6432 6968
81.6306 0.0610733 6968 7504
81.6339 0.00331879 7504 6968
81.6893 0.0554123 6968 6600
81.6898 0.000473022 6600 6416
81.6907 0.000946045 6416 5628
81.6912 0.000465393 5628 5360
81.6959 0.0047226 5360 5628
81.7575 0.0615616 5628 5896
81.8171 0.0596619 5896 5360
81.9407 0.123581 5360 5896
81.944 0.00328827 5896 6432
82.0065 0.0625076 6432 6968
82.0676 0.0610733 6968 7504
82.1291 0.0615463 7504 8040
82.2517 0.122635 8040 7504
82.2522 0.000473022 7504 7142
82.2527 0.000473022 7142 6961
82.2532 0.000473022 6961 6030
82.2536 0.000473022 6030 5896
82.3133 0.0596542 5896 6030
82.4359 0.122643 6030 6432
82.5651 0.129204 6432 6968
82.6262 0.0610733 6968 7504
82.6845 0.0583038 7504 6030
82.6864 0.0018692 6030 5896
82.7461 0.0596924 5896 6030
83.0557 0.309654 6030 5360
83.0562 0.000473022 5360 4824
83.1173 0.0610886 4824 5360
83.1178 0.000457764 5360 5494
83.3 0.182297 5494 5360
83.3024 0.00239563 5360 4958
83.3029 0.000473022 4958 4824
83.3057 0.00279236 4824 4288
83.3611 0.0554276 4288 4958
83.3616 0.000473022 4958 4824
83.3673 0.00564575 4824 4958
83.4283 0.0610962 4958 5360
83.5505 0.122185 5360 5896
83.6116 0.0610733 5896 6432
83.6732 0.0615463 6432 6968
83.7938 0.120689 6968 7504
83.9227 0.128815 7504 6968
83.9231 0.000473022 6968 6600
83.9236 0.000473022 6600 6416
83.9241 0.000465393 6416 5628
83.9245 0.000473022 5628 5360
83.9842 0.0596619 5360 5628
84.0458 0.0615616 5628 5896
84.1035 0.0577316 5896 5360
84.2257 0.122169 5360 5896
84.2953 0.0695877 5896 6432
84.4742 0.178955 6432 6968
84.5391 0.064888 6968 7504
84.6006 0.0615463 7504 8040
84.9098 0.309158 8040 7504
84.9103 0.000473022 7504 7142
84.9108 0.000473022 7142 6961
84.9112 0.000473022 6961 6030
84.9117 0.000473022 6030 5896
84.9714 0.0596542 5896 6030
84.9775 0.00615692 6030 6432
85.0391 0.0615463 6432 6968
85.1011 0.0619965 6968 7504
85.1626 0.0615463 7504 8040
85.2852 0.12262 8040 8576
85.4699 0.184639 8576 9112
85.4755 0.00566101 9112 9648
85.5385 0.0629578 9648 10184
85.5996 0.0610733 10184 10720
85.6602 0.0606232 10720 10184
85.6606 0.000473022 10184 9843
85.6611 0.000473022 9843 9673
85.6616 0.000473022 9673 9502
85.6625 0.000938416 9502 8040
85.7828 0.120285 8040 8576
85.9674 0.184616 8576 9112
86.0276 0.0601273 9112 9648
86.0901 0.0625076 9648 9112
86.0929 0.00283051 9112 8844
86.0934 0.000473022 8844 8040
86.0976 0.00427246 8040 7504
86.1516 0.0539932 7504 8040
86.2207 0.0691147 8040 8576
86.2748 0.0540314 8576 8040
86.2753 0.000473022 8040 7504
86.2833 0.00804138 7504 6968
86.3364 0.0530701 6968 7504
86.3368 0.000450134 7504 8040
86.4045 0.0677032 8040 7504
86.5276 0.123093 7504 8040
86.5887 0.0610733 8040 8576
86.6502 0.0615463 8576 9112
86.7682 0.117958 9112 8576
86.7687 0.000465393 8576 8294
86.7691 0.000473022 8294 7504
86.8913 0.122147 7504 8040
86.9636 0.0723648 8040 8576
87.0863 0.12262 8576 9112
87.1455 0.0592041 9112 8576
87.1459 0.000473022 8576 8294
87.1464 0.000473022 8294 7504
87.2005 0.0540543 7504 6968
87.2066 0.00613403 6968 6432
87.207 0.000450134 6432 7504
87.3297 0.122658 7504 8040
87.4486 0.118866 8040 8576
87.5177 0.0690918 8576 8040
87.5181 0.000473022 8040 7504
87.7033 0.185127 7504 8040
87.7643 0.0610733 8040 8576
87.8259 0.0615463 8576 9112
87.8804 0.0544891 9112 8576
87.8808 0.000473022 8576 8255
87.8813 0.000473022 8255 7504
88.066 0.184669 7504 8040
88.1271 0.0610733 8040 8576
88.1886 0.0615463 8576 9112
88.2591 0.0704956 9112 9648
88.3164 0.0573349 9648 9112
88.3178 0.00138092 9112 8791
88.3183 0.000473022 8791 8630
88.3197 0.00143433 8630 8469
88.3202 0.000473022 8469 7504
88.4353 0.115105 7504 6968
88.4988 0.0634537 6968 6432
88.6219 0.123108 6432 6968
88.6844 0.0625076 6968 6432
88.7455 0.0611115 6432 5896
88.7464 0.000923157 5896 6432
88.8099 0.0634766 6432 5896
88.9325 0.122635 5896 6432
88.9941 0.0615463 6432 6968
89.0551 0.0610733 6968 6432
89.0556 0.000495911 6432 5896
89.1778 0.122147 5896 6432
89.2393 0.0615463 6432 6968
89.2464 0.00705719 6968 6432
89.2478 0.00143433 6432 5896
89.2483 0.000473022 5896 5360
89.3023 0.0540543 5360 4824
89.3099 0.00753021 4824 5360
89.3639 0.0540314 5360 5896
89.9815 0.617577 5896 5360
90.043 0.0615616 5360 5896
90.2403 0.19722 5896 536
90.5634 0.323097 536 1072
90.6254 0.0620117 1072 1608
90.6874 0.0620193 1608 2144
90.7489 0.0615463 2144 2680
90.7499 0.000946045 2680 3216
90.811 0.0610733 3216 3752
90.8119 0.000938416 3752 4288
90.8128 0.000946045 4288 4824
90.873 0.0601349 4824 5360
91.0614 0.188408 5360 5896
91.1225 0.0610733 5896 6432
91.184 0.0615463 6432 6968
91.2451 0.0610962 6968 6432
91.2456 0.000473022 6432 6075
91.246 0.000465393 6075 5360
91.3081 0.0620422 5360 4824
91.3696 0.0615463 4824 5360
91.4303 0.0606384 5360 5896
91.5524 0.122147 5896 6432
91.7418 0.189354 6432 6968
91.8028 0.0610733 6968 7504
91.8644 0.0615463 7504 8040
91.987 0.12262 8040 8576
92.1162 0.129227 8576 9112
92.1773 0.0610733 9112 9648
92.2389 0.0615463 9648 10184
92.3009 0.0620346 10184 9648
92.3014 0.000473022 9648 9304
92.3018 0.000473022 9304 9132
92.3023 0.000473022 9132 8959
92.3028 0.000473022 8959 8787
92.3033 0.000473022 8787 8615
92.3568 0.0535202 8615 8442
92.3572 0.000473022 8442 7638
92.3577 0.000473022 7638 7504
92.3624 0.00471497 7504 7638
92.4837 0.121223 7638 6968
92.5457 0.0620193 6968 7102
92.6068 0.0610962 7102 7504
92.79 0.183197 7504 8040
92.7943 0.00428772 8040 7504
92.7957 0.00141907 7504 7102
92.7961 0.000465393 7102 6968
92.8558 0.0596619 6968 7102
92.9775 0.121674 7102 6432
93.039 0.0615463 6432 6566
93.2227 0.183693 6566 6968
93.2838 0.0610733 6968 7504
93.3453 0.0615463 7504 8040
93.4111 0.0658112 8040 7504
93.4116 0.000473022 7504 7205
93.4121 0.000473022 7205 6566
93.4126 0.000473022 6566 6432
93.4727 0.0601273 6432 6566
93.5324 0.0596771 6566 5896
93.5944 0.0620193 5896 6030
93.7189 0.124527 6030 5360
93.7805 0.0615616 5360 5494
93.7833 0.00283051 5494 4824
93.8449 0.0615463 4824 4958
94.272 0.427124 4958 4288
94.2729 0.000938416 4288 3752
94.3335 0.0606232 3752 4288
94.3345 0.000923157 4288 4422
94.4552 0.12075 4422 3752
94.5168 0.0615463 3752 3886
94.5845 0.0677032 3886 4288
94.646 0.0615463 4288 4355
94.7038 0.0577698 4355 4420
94.7653 0.0615616 4420 3752
94.8269 0.0615463 3752 3884
94.8335 0.00662994 3884 4288
94.8951 0.0615463 4288 4824
94.9561 0.0610733 4824 5360
95.0177 0.0615463 5360 5896
95.1398 0.122124 5896 6432
95.2052 0.065361 6432 5896
95.2056 0.000473022 5896 5514
95.2061 0.000473022 5514 4824
95.3893 0.18322 4824 4288
95.5129 0.123581 4288 4824
95.5745 0.0615616 4824 4288
95.6971 0.122643 4288 4824
95.7004 0.00328064 4824 5360
95.761 0.0606461 5360 4824
95.7615 0.000473022 4824 4288
95.8842 0.122658 4288 3752
96.0091 0.124954 3752 4288
96.0707 0.0615463 4288 4355
96.1947 0.124054 4355 3216
96.2563 0.0615692 3216 3752
96.3188 0.0625076 3752 3216
96.6262 0.307373 3216 2680
96.6877 0.0615616 2680 3216
97.1798 0.492088 3216 2680
97.2414 0.0615616 2680 3216
97.3145 0.073143 3216 536
97.3761 0.0615463 536 1072
98.6376 1.26155 1072 536
98.9607 0.32309 536 1072
99.0227 0.0620193 1072 1340
99.0848 0.0620117 1340 1554
99.1468 0.0620193 1554 1738
99.2088 0.0620193 1738 1903
99.2703 0.0615463 1903 2053
99.3319 0.0615463 2053 2192
99.3934 0.0615463 2192 2323
99.3944 0.000938416 2323 2446
99.4554 0.0610733 2446 2563
99.4564 0.000946045 2563 2675
99.5175 0.0610733 2675 2782
99.5184 0.000946045 2782 2885
99.6415 0.123108 2885 2144
99.6425 0.000968933 2144 1608
99.643 0.000465393 1608 1072
99.9642 0.321205 1072 1340
100.026 0.0620193 1340 1554
100.088 0.0620193 1554 1738
100.15 0.0620117 1738 1903
100.212 0.0615463 1903 2053
100.474 0.262024 2053 2192
100.536 0.0620117 2192 2323
100.537 0.000946045 2323 2446
100.598 0.0610733 2446 2563
100.599 0.000946045 2563 2675
100.66 0.0610733 2675 2782
100.661 0.000946045 2782 2885
100.723 0.0620117 2885 2984
100.785 0.0620422 2984 2144
100.845 0.0606155 2144 1608
100.846 0.000473022 1608 1072
100.908 0.0624924 1072 1340
100.97 0.0620193 1340 1554
101.032 0.0620117 1554 1738
101.094 0.0620193 1738 1903
101.156 0.0615463 1903 2053
101.218 0.0615463 2053 2192
101.279 0.0615463 2192 2323
101.28 0.000946045 2323 2446
101.341 0.0610733 2446 2563
101.342 0.000938416 2563 2675
101.465 0.123131 2675 1608
101.466 0.000473022 1608 1072
101.728 0.262016 1072 1340
101.912 0.1847 1340 536
101.974 0.0615387 536 1072
101.974 0 1072 1340
102.036 0.0620193 1340 1554
102.297 0.261551 1554 1738
102.421 0.123123 1738 1072
102.544 0.123093 1072 1340
102.606 0.0620193 1340 1554
102.668 0.0620193 1554 1738
102.73 0.0620117 1738 1903
102.791 0.0615463 1903 2053
103.053 0.262024 2053 2192
103.115 0.0620117 2192 2323
103.116 0.000946045 2323 2446
103.177 0.0610733 2446 2563
103.178 0.000946045 2563 2675
103.239 0.0610733 2675 2782
103.24 0.000946045 2782 2885
103.302 0.0620117 2885 2984
103.364 0.0615463 2984 3080
103.425 0.0615463 3080 3173
103.487 0.0615463 3173 3263
103.549 0.0615463 3263 3351
103.61 0.0610733 3351 3436
103.611 0.00188446 3436 3519
103.673 0.0610809 3519 3600
103.734 0.0610733 3600 3679
103.797 0.0629807 3679 2144
103.857 0.0601425 2144 1608
103.857 0.000473022 1608 1072
103.92 0.0624924 1072 1340
103.982 0.0620193 1340 1554
104.044 0.0620117 1554 1738
104.106 0.0620193 1738 1903
104.167 0.0615463 1903 2053
104.229 0.0615463 2053 2192
104.29 0.0615463 2192 2323
104.291 0.000946045 2323 2446
104.352 0.0610733 2446 2563
104.353 0.000938416 2563 2675
104.414 0.0610733 2675 2782
104.415 0.000946045 2782 2885
104.477 0.0620193 2885 2984
104.539 0.0615463 2984 3080
104.6 0.0615463 3080 3173
104.662 0.0615463 3173 3263
104.724 0.0615463 3263 3351
104.785 0.0610733 3351 3436
104.787 0.00188446 3436 3519
104.848 0.0610733 3519 3600
104.909 0.0610733 3600 3679
104.911 0.00189209 3679 3757
104.973 0.0620346 3757 3216
104.973 0.000473022 3216 2680
105.032 0.0591812 2680 2144
105.033 0.000473022 2144 1608
105.033 0.000495911 1608 1072
105.034 0.000923157 1072 1340
105.096 0.0620193 1340 1554
106.096 1 1554 536
106.419 0.32309 536 1072
106.481 0.0620193 1072 1340
106.543 0.0620117 1340 1554
106.605 0.0620193 1554 1738
106.667 0.0620193 1738 1903
106.729 0.0615463 1903 2053
106.79 0.0615463 2053 2192
106.852 0.0615463 2192 2323
106.853 0.000938416 2323 2446
106.914 0.0610733 2446 2563
106.915 0.000946045 2563 2675
106.976 0.0610733 2675 2782
107.039 0.0625076 2782 2144
107.099 0.0606232 2144 1608
107.1 0.000473022 1608 1072
107.362 0.262016 1072 1340
107.546 0.184692 1340 536
107.608 0.0615463 536 1072
107.608 0 1072 1340
107.67 0.0620193 1340 1554
107.732 0.0620193 1554 1738
107.794 0.0620193 1738 1903
107.855 0.0615387 1903 2053
107.917 0.0615463 2053 2192
108.041 0.123604 2192 1608
108.041 0.000473022 1608 1072
108.164 0.12262 1072 1340
108.226 0.0620193 1340 1554
108.288 0.0620117 1554 1738
108.35 0.0620193 1738 1903
108.411 0.0615463 1903 2053
108.473 0.0615463 2053 2192
108.534 0.0615463 2192 2323
108.535 0.000946045 2323 2446
108.596 0.0610733 2446 2563
108.597 0.000938416 2563 2675
108.658 0.0610733 2675 2782
108.659 0.000946045 2782 2885
108.721 0.0620193 2885 2984
108.783 0.0615463 2984 3080
108.844 0.0615463 3080 3173
108.906 0.0615463 3173 3263
108.968 0.0615463 3263 3351
109.029 0.0610733 3351 3436
109.031 0.00188446 3436 3519
109.092 0.0610733 3519 3600
109.153 0.0610733 3600 3679
109.155 0.00189209 3679 3757
109.216 0.0610733 3757 3833
109.277 0.0615463 3833 3907
109.339 0.0615387 3907 3980
109.648 0.309166 3980 3216
109.648 0.000473022 3216 2985
109.649 0.000473022 2985 2680
109.71 0.0610733 2680 2985
109.771 0.0610886 2985 3081
109.833 0.0615463 3081 3174
109.894 0.0615463 3174 3264
109.956 0.0615463 3264 3352
110.017 0.0610733 3352 3437
110.018 0.000946045 3437 3520
110.08 0.0620193 3520 3601
110.141 0.0610733 3601 3680
110.143 0.00188446 3680 3758
110.203 0.0601273 3758 3834
110.264 0.0615463 3834 4288
110.328 0.0634537 4288 3752
110.328 0.000473022 3752 3216
110.512 0.183716 3216 3305
110.515 0.00280762 3305 3391
110.575 0.0601501 3391 3475
110.636 0.0610733 3475 3557
110.639 0.00281525 3557 3637
110.699 0.0601501 3637 3715
110.76 0.0610733 3715 3792
110.763 0.00280762 3792 3867
110.884 0.121246 3867 3216
111.007 0.123108 3216 3752
111.01 0.00328827 3752 3828
111.072 0.0615463 3828 3903
111.134 0.0615387 3903 4288
111.195 0.0615463 4288 4824
111.316 0.12075 4824 5360
111.505 0.188866 5360 5896
111.507 0.00190735 5896 5360
111.563 0.0563736 5360 4969
111.563 0.000473022 4969 4422
111.564 0.000473022 4422 4288
111.569 0.00468445 4288 4422
111.63 0.0615616 4422 4824
111.691 0.0610733 4824 5360
111.752 0.0606232 5360 4824
111.752 0.000473022 4824 4422
111.753 0.000465393 4422 4288
111.813 0.0606079 4288 4422
111.816 0.00284576 4422 3216
111.878 0.0615692 3216 3752
111.934 0.0563736 3752 3886
111.94 0.00564575 3886 4288
112.001 0.0615387 4288 4824
112.063 0.0615692 4824 4288
112.063 0.000473022 4288 3886
112.064 0.000473022 3886 3752
112.125 0.0610733 3752 3886
112.186 0.0610886 3886 4288
112.248 0.0615463 4288 4824
112.372 0.124054 4824 4288
112.432 0.0606232 4288 3886
112.433 0.000473022 3886 3752
112.436 0.00280762 3752 3886
112.557 0.121719 3886 3216
112.619 0.0615463 3216 3350
112.68 0.0615616 3350 3752
112.683 0.00283051 3752 3828
112.745 0.0615463 3828 4288
112.867 0.122147 4288 4824
112.928 0.0610733 4824 5360
112.99 0.0615463 5360 5896
113.055 0.0657959 5896 6432
113.239 0.183693 6432 6968
113.299 0.0601273 6968 7504
113.361 0.0615463 7504 8040
113.429 0.0686264 8040 8576
113.492 0.0625076 8576 7504
113.546 0.0539932 7504 7147
113.546 0.000473022 7147 6432
113.67 0.123566 6432 6968
113.739 0.0686417 6968 7504
113.794 0.0558853 7504 6968
113.795 0.000465393 6968 6432
113.8 0.00476074 6432 5896
113.856 0.0563354 5896 6432
113.923 0.0667725 6432 6968
113.985 0.0620193 6968 7504
114.046 0.0615463 7504 8040
114.166 0.119293 8040 8576
114.233 0.0672531 8576 8040
114.233 0.000473022 8040 7683
114.234 0.000473022 7683 7504
114.234 0.000465393 7504 7326
114.235 0.000473022 7326 6432
114.41 0.175201 6432 5896
114.596 0.186066 5896 5360
114.719 0.123116 5360 5896
114.727 0.00807953 5896 6432
114.79 0.0624924 6432 6968
114.849 0.059639 6968 7504
114.853 0.0038147 7504 6968
114.905 0.0515747 6968 6600
114.905 0.000473022 6600 6416
114.906 0.000465393 6416 5628
114.906 0.000473022 5628 5360
114.915 0.00902557 5360 5628
114.977 0.0615692 5628 5896
115.038 0.0610733 5896 6432
115.099 0.0615463 6432 6968
115.161 0.0615616 6968 5896
115.161 0.000473022 5896 5628
115.162 0.000473022 5628 5360
115.222 0.0606232 5360 5628
115.277 0.0543823 5628 5360
115.277 0.000473022 5360 5092
115.282 0.00431061 5092 4824
115.287 0.00521088 4824 5092
115.347 0.0606155 5092 5360
115.409 0.0615463 5360 5896
115.469 0.0596771 5896 5360
115.469 0.000473022 5360 5092
115.471 0.00141907 5092 4824
115.529 0.0582428 4824 4288
115.53 0.00143433 4288 5092
115.532 0.00188446 5092 4824
115.59 0.0582199 4824 5092
115.657 0.0667801 5092 4288
115.719 0.0620193 4288 4556
115.781 0.0615616 4556 4824
115.842 0.0610733 4824 5360
115.903 0.0615463 5360 5896
116.025 0.121185 5896 6432
116.089 0.064888 6432 5896
116.09 0.000473022 5896 5514
116.145 0.0553894 5514 4824
116.213 0.0672455 4824 5360
116.395 0.182243 5360 5896
116.455 0.0606003 5896 6432
116.517 0.0615463 6432 6968
116.584 0.0672455 6968 7504
116.708 0.123566 7504 8040
116.765 0.0568008 8040 7504
116.765 0.000473022 7504 7142
116.765 0.000473022 7142 6961
116.766 0.000473022 6961 6030
116.766 0.000473022 6030 5896
116.826 0.0596542 5896 6030
116.887 0.0610962 6030 6432
116.895 0.00806427 6432 5896
117.018 0.122635 5896 6432
117.079 0.0615463 6432 6968
117.196 0.116936 6968 6432
117.197 0.000473022 6432 5896
117.319 0.12262 5896 6432
117.324 0.004776 6432 5896
117.388 0.0634537 5896 5360
117.449 0.0615616 5360 5896
117.504 0.0549011 5896 5360
117.574 0.0696259 5360 5896
117.637 0.0634537 5896 5360
117.762 0.124527 5360 5896
117.823 0.0610733 5896 6432
117.886 0.0629807 6432 5896
117.886 0.000473022 5896 5360
118.007 0.1203 5360 4824
118.008 0.00190735 4824 4288
118.068 0.0596542 4288 4824
118.131 0.0624924 4824 5360
118.255 0.124527 5360 4824
118.312 0.057312 4824 4288
118.317 0.00427246 4288 4824
118.374 0.056839 4824 4288
118.374 0.000457764 4288 4824
118.497 0.122658 4824 4288
118.62 0.123085 4288 4824
118.687 0.0667801 4824 5360
118.748 0.0615616 5360 4948
118.749 0.000473022 4948 4288
118.809 0.0605621 4288 3752
118.871 0.0615463 3752 4288
118.991 0.120316 4288 4824
118.996 0.00519562 4824 5360
119.058 0.0615616 5360 4824
119.058 0.000473022 4824 4288
119.176 0.11792 4288 3752
119.238 0.0615463 3752 4288
119.243 0.0056839 4288 4824
119.304 0.060112 4824 5360
119.361 0.057785 5360 4824
119.362 0.000473022 4824 4288
119.484 0.12262 4288 4824
119.491 0.00617218 4824 5360
119.552 0.0615463 5360 5896
119.613 0.0605621 5896 6432
119.676 0.0634155 6432 5896
119.677 0.000473022 5896 5514
119.677 0.000473022 5514 4824
119.919 0.241951 4824 4288
120.106 0.187019 4288 3752
120.229 0.122635 3752 4288
120.29 0.0615463 4288 4824
120.355 0.0648499 4824 5360
120.476 0.121223 5360 4824
120.477 0.000473022 4824 4422
120.477 0.000473022 4422 4020
120.478 0.000473022 4020 3752
120.538 0.0606155 3752 4020
120.539 0.000946045 4020 3216
120.601 0.0615463 3216 4020
121.155 0.553909 4020 4091
121.648 0.49337 4091 3216
121.71 0.0620117 3216 3555
121.833 0.122643 3555 3635
121.893 0.0605774 3635 3714
121.955 0.0620193 3714 3791
121.957 0.00143433 3791 3866
122.079 0.122131 3866 4288
122.141 0.0624847 4288 4355
122.143 0.00189209 4355 4420
122.205 0.0620193 4420 4824
122.266 0.0610733 4824 5360
122.33 0.0634308 5360 5896
122.389 0.0591888 5896 5944
122.393 0.00379181 5944 5360
122.393 0.000473022 5360 4969
122.394 0.000473022 4969 4422
122.394 0.000473022 4422 4288
122.454 0.0601273 4288 4422
122.515 0.0611115 4422 3752
122.638 0.122681 3752 3216
122.7 0.0615616 3216 3752
123.315 0.615669 3752 3216
123.377 0.0615616 3216 3752
123.456 0.0793076 3752 536
123.518 0.0615616 536 1072
123.641 0.123093 1072 1608
123.765 0.124542 1608 1072
123.889 0.123116 1072 1340
124.074 0.185165 1340 536
124.135 0.0615463 536 1072
124.135 0 1072 1340
124.197 0.0620117 1340 1554
124.259 0.0620193 1554 1738
124.321 0.0620193 1738 1903
124.383 0.0615463 1903 2053
124.444 0.0615463 2053 2192
124.506 0.0615463 2192 2323
124.507 0.000938416 2323 2446
124.568 0.0610733 2446 2563
124.569 0.000946045 2563 2675
124.63 0.0610733 2675 2782
124.631 0.000946045 2782 2885
124.693 0.0620193 2885 2984
124.754 0.0615463 2984 3080
124.877 0.122162 3080 2144
124.877 0.000473022 2144 1608
124.878 0.000488281 1608 1072
125 0.122131 1072 1340
125.062 0.0620193 1340 1554
125.124 0.0620117 1554 1738
125.186 0.0620193 1738 1903
125.247 0.0615463 1903 2053
125.309 0.0615463 2053 2192
125.37 0.0615463 2192 2323
125.494 0.123131 2323 1608
125.494 0.000473022 1608 1072
126.555 1.06107 1072 536
126.878 0.32309 536 1072
126.94 0.0620193 1072 1340
127.002 0.0620117 1340 1554
127.064 0.0620193 1554 1738
127.126 0.0620193 1738 1903
127.188 0.0615463 1903 2053
127.249 0.0615463 2053 2192
127.311 0.0615463 2192 2323
127.312 0.000938416 2323 2446
127.374 0.0620422 2446 1608
127.434 0.0606155 1608 1072
127.497 0.0624924 1072 1340
127.559 0.0620193 1340 1554
127.621 0.0620193 1554 1738
127.683 0.0620117 1738 1903
127.745 0.0615463 1903 2053
127.806 0.0615463 2053 2192
127.868 0.0615463 2192 2323
127.869 0.000946045 2323 2446
127.93 0.0610733 2446 2563
127.931 0.000946045 2563 2675
127.992 0.0610733 2675 2782
127.993 0.000938416 2782 2885
128.055 0.062027 2885 2984
128.116 0.0615387 2984 3080
128.178 0.0615387 3080 3173
128.239 0.0615692 3173 2144
128.24 0.000473022 2144 1608
128.3 0.0601501 1608 1072
128.362 0.0624847 1072 1340
128.424 0.062027 1340 1554
128.486 0.0620117 1554 1738
128.548 0.0620117 1738 1903
128.61 0.061554 1903 2053
128.672 0.0615387 2053 2192
128.733 0.061554 2192 2323
128.734 0.000946045 2323 2446
128.796 0.0620117 2446 2563
128.858 0.0620117 2563 2675
128.859 0.000946045 2675 2782
128.92 0.0610809 2782 2885
128.982 0.0615387 2885 2984
129.043 0.061554 2984 3080
129.105 0.0615387 3080 3173
129.166 0.061554 3173 3263
129.228 0.0615387 3263 3351
129.289 0.0615692 3351 2680
129.29 0.000473022 2680 2144
129.291 0.000961304 2144 1608
129.291 0.000473022 1608 1072
129.413 0.121185 1072 1340
129.475 0.0620117 1340 1554
129.537 0.062027 1554 1738
129.599 0.0620117 1738 1903
129.722 0.123123 1903 1072
129.845 0.123093 1072 1340
130.03 0.185165 1340 536
130.091 0.061554 536 1072
130.091 0 1072 1340
130.154 0.0620117 1340 1554
130.216 0.062027 1554 1738
130.278 0.0620117 1738 1903
130.339 0.0615387 1903 2053
130.401 0.061554 2053 2192
130.462 0.0615387 2192 2323
130.463 0.000946045 2323 2446
130.524 0.0610809 2446 2563
130.525 0.000946045 2563 2675
130.586 0.0610657 2675 2782
130.587 0.000946045 2782 2885
130.711 0.123596 2885 2144
130.711 0.000473022 2144 1608
130.712 0.000473022 1608 1072
130.834 0.122147 1072 1340
130.896 0.062027 1340 1554
130.958 0.0620117 1554 1738
131.02 0.0620117 1738 1903
131.081 0.061554 1903 2053
131.143 0.0615387 2053 2192
131.205 0.061554 2192 2323
131.205 0.000946045 2323 2446
131.267 0.0610657 2446 2563
131.268 0.000946045 2563 2675
131.329 0.0610657 2675 2782
131.33 0.000946045 2782 2885
131.392 0.062027 2885 2984
131.514 0.122162 2984 2144
131.514 0.000473022 2144 1608
131.515 0.000488281 1608 1072
131.637 0.122131 1072 1340
131.699 0.0620117 1340 1554
131.761 0.062027 1554 1738
131.823 0.0620117 1738 1903
131.884 0.061554 1903 2053
131.946 0.0615387 2053 2192
132.007 0.0615387 2192 2323
132.008 0.000946045 2323 2446
132.07 0.0610809 2446 2563
132.07 0.000946045 2563 2675
132.132 0.0610657 2675 2782
132.132 0.000946045 2782 2885
132.194 0.0620117 2885 2984
132.256 0.061554 2984 3080
132.318 0.0615387 3080 3173
132.379 0.061554 3173 3263
132.441 0.0615387 3263 3351
132.502 0.0610809 3351 3436
132.504 0.00189209 3436 3519
132.565 0.0610657 3519 3600
132.626 0.0610809 3600 3679
132.628 0.00187683 3679 3757
132.689 0.0615692 3757 3216
132.69 0.000473022 3216 2680
132.69 0.000473022 2680 2144
132.75 0.0596771 2144 1608
132.75 0.000473022 1608 1072
132.813 0.0624847 1072 1340
132.875 0.0620117 1340 1554
132.937 0.062027 1554 1738
133.061 0.124542 1738 1072
133.184 0.123108 1072 1340
133.247 0.062027 1340 1554
133.508 0.261536 1554 1738
133.632 0.123627 1738 1072
133.816 0.184692 1072 536
133.878 0.0615387 536 1072
133.878 0 1072 1340
134.139 0.261551 1340 1554
134.324 0.184692 1554 536
134.386 0.061554 536 1072
134.386 0 1072 1340
134.448 0.0620117 1340 1554
134.51 0.0620117 1554 1738
134.572 0.062027 1738 1903
134.695 0.123123 1903 1072
134.957 0.262024 1072 1340
135.142 0.184692 1340 536
136.28 1.1384 536 1072
136.342 0.0620117 1072 1340
136.404 0.062027 1340 1554
136.466 0.0620117 1554 1738
136.528 0.062027 1738 1903
136.59 0.0615387 1903 2053
136.651 0.0615387 2053 2192
136.775 0.123611 2192 1608
136.775 0.000473022 1608 1072
137.021 0.245758 1072 536
137.083 0.061554 536 1072
137.083 0 1072 1340
137.145 0.0620117 1340 1554
137.207 0.062027 1554 1738
137.269 0.0620117 1738 1903
137.33 0.0615387 1903 2053
137.392 0.061554 2053 2192
137.453 0.0615387 2192 2323
137.454 0.000946045 2323 2446
137.515 0.0610809 2446 2563
137.516 0.000946045 2563 2675
137.577 0.0610657 2675 2782
137.64 0.0625153 2782 2144
137.7 0.0606232 2144 1608
137.701 0.000457764 1608 1072
137.763 0.0625 1072 1340
137.825 0.0620117 1340 1554
137.887 0.062027 1554 1738
137.949 0.0620117 1738 1903
138.011 0.0615387 1903 2053
138.073 0.061554 2053 2192
138.134 0.0615387 2192 2323
138.135 0.000946045 2323 2446
138.196 0.0610809 2446 2563
138.258 0.062027 2563 1608
138.259 0.00050354 1608 1072
138.381 0.122604 1072 1340
138.443 0.062027 1340 1554
138.505 0.0620117 1554 1738
138.567 0.062027 1738 1903
138.629 0.0615387 1903 2053
138.69 0.061554 2053 2192
138.752 0.0615387 2192 2323
138.753 0.000946045 2323 2446
138.876 0.123123 2446 1608
138.876 0.000473022 1608 1072
138.999 0.12262 1072 1340
139.061 0.062027 1340 1554
139.123 0.0620117 1554 1738
139.185 0.0620117 1738 1903
139.247 0.061554 1903 2053
139.308 0.0615387 2053 2192
139.37 0.061554 2192 2323
139.371 0.000946045 2323 2446
139.432 0.0610657 2446 2563
139.433 0.000946045 2563 2675
139.494 0.0610657 2675 2782
139.495 0.000946045 2782 2885
139.557 0.062027 2885 2984
139.618 0.0615387 2984 3080
139.68 0.061554 3080 3173
139.802 0.122147 3173 3263
139.864 0.0615387 3263 3351
139.865 0.00189209 3351 3436
139.927 0.0610657 3436 3519
139.988 0.0610809 3519 3600
139.989 0.00189209 3600 3679
140.051 0.0610657 3679 3757
140.112 0.0610809 3757 3833
140.173 0.061554 3833 3216
140.174 0.000473022 3216 2680
140.174 0.000473022 2680 2144
140.175 0.000473022 2144 1608
140.175 0.000488281 1608 1072
140.296 0.121185 1072 1340
140.358 0.062027 1340 1554
140.42 0.0620117 1554 1738
140.482 0.0620117 1738 1903
140.544 0.061554 1903 2053
140.605 0.0615387 2053 2192
140.667 0.061554 2192 2323
140.668 0.000946045 2323 2446
140.729 0.0610657 2446 2563
140.73 0.000946045 2563 2675
140.791 0.0610809 2675 2782
140.792 0.000930786 2782 2885
140.854 0.062027 2885 2984
140.916 0.0615387 2984 3080
140.978 0.0620422 3080 2144
141.038 0.0606232 2144 1608
141.039 0.000473022 1608 1072
141.101 0.0624847 1072 1340
141.163 0.0620117 1340 1554
141.225 0.062027 1554 1738
141.287 0.0620117 1738 1903
141.349 0.061554 1903 2053
141.41 0.0615387 2053 2192
141.472 0.061554 2192 2323
141.473 0.000930786 2323 2446
141.534 0.0610809 2446 2563
141.535 0.000946045 2563 2675
141.596 0.0610657 2675 2782
141.597 0.000946045 2782 2885
141.659 0.062027 2885 2984
141.72 0.0615387 2984 3080
141.782 0.0615387 3080 3173
141.844 0.0620575 3173 2144
141.904 0.0601501 2144 1608
141.905 0.000473022 1608 1072
142.028 0.123093 1072 1340
142.09 0.0620117 1340 1554
142.152 0.062027 1554 1738
142.214 0.0620117 1738 1903
142.275 0.061554 1903 2053
142.337 0.0615387 2053 2192
142.398 0.061554 2192 2323
142.399 0.000930786 2323 2446
142.46 0.0610809 2446 2563
142.461 0.000946045 2563 2675
142.522 0.0610657 2675 2782
142.584 0.062027 2782 2885
142.646 0.0615387 2885 2984
142.707 0.061554 2984 3080
142.77 0.0624847 3080 3173
142.832 0.0615387 3173 3263
142.893 0.061554 3263 3351
142.895 0.00189209 3351 3436
142.956 0.0610657 3436 3519
143.017 0.0610809 3519 3600
143.019 0.00187683 3600 3679
143.08 0.0610809 3679 3757
143.141 0.0610657 3757 3833
143.203 0.061554 3833 4288
143.388 0.18512 4288 3752
143.388 0.000473022 3752 3216
143.511 0.12262 3216 3752
143.635 0.123611 3752 2680
143.696 0.061554 2680 3216
143.82 0.124054 3216 2680
143.942 0.122177 2680 2787
144.004 0.0615387 2787 2890
144.065 0.061554 2890 2989
144.127 0.0615387 2989 3085
144.188 0.061554 3085 3178
144.25 0.0615387 3178 3268
144.312 0.0615387 3268 3355
144.314 0.00234985 3355 3440
144.376 0.062027 3440 2680
144.499 0.12265 2680 2787
144.56 0.0615387 2787 2890
144.682 0.121704 2890 2144
144.743 0.0615387 2144 2354
144.744 0.000488281 2354 2144
144.805 0.0610809 2144 1608
144.866 0.0615387 1608 2354
144.868 0.00144958 2354 2476
144.929 0.0605774 2476 2592
144.991 0.062027 2592 1608
145.052 0.061554 1608 2056
145.113 0.0610809 2056 2195
145.175 0.061554 2195 2325
145.176 0.000946045 2325 2448
145.237 0.0610657 2448 2565
145.238 0.000946045 2565 2677
145.299 0.0610809 2677 2784
145.3 0.000946045 2784 2887
145.362 0.0620117 2887 2986
145.484 0.122147 2986 3082
145.545 0.0615387 3082 3175
145.607 0.061554 3175 3265
145.669 0.0615387 3265 3352
145.73 0.0615692 3352 2680
145.731 0.000473022 2680 2144
145.732 0.000961304 2144 2056
145.732 0.000473022 2056 1608
145.792 0.0596313 1608 2056
145.794 0.00238037 2056 2195
145.856 0.061554 2195 2325
145.856 0.000946045 2325 2448
145.918 0.0610657 2448 2565
145.919 0.000946045 2565 2677
145.98 0.0610809 2677 2784
145.981 0.000930786 2784 2887
146.043 0.062027 2887 2986
146.104 0.0615387 2986 3082
146.166 0.061554 3082 3175
146.227 0.0615387 3175 3265
146.289 0.061554 3265 3352
146.35 0.0610657 3352 3437
146.352 0.00189209 3437 3520
146.412 0.0601349 3520 3601
146.475 0.063446 3601 2680
146.476 0.000473022 2680 2144
146.535 0.0592041 2144 2056
146.535 0.000473022 2056 1608
146.537 0.00138855 1608 2056
146.597 0.0606232 2056 2195
146.659 0.061554 2195 2325
146.721 0.0620117 2325 2448
146.783 0.062027 2448 2565
146.784 0.000930786 2565 2677
146.845 0.0610809 2677 2784
146.846 0.000946045 2784 2887
147.03 0.184235 2887 2144
147.031 0.000473022 2144 2056
147.032 0.000930786 2056 1608
147.092 0.0601501 1608 2056
147.093 0.00138855 2056 2195
147.155 0.061554 2195 2325
147.156 0.000946045 2325 2448
147.217 0.0610657 2448 2565
147.218 0.000946045 2565 2677
147.279 0.0610657 2677 2784
147.28 0.000946045 2784 2887
147.342 0.062027 2887 2986
147.403 0.0615387 2986 3082
147.465 0.061554 3082 3175
147.587 0.122162 3175 2144
147.587 0.000473022 2144 2056
147.588 0.000488281 2056 1608
147.649 0.0605774 1608 2056
147.65 0.00143433 2056 2195
147.712 0.0625153 2195 1608
147.774 0.0615387 1608 1659
147.836 0.0615692 1659 1832
147.897 0.061554 1832 1988
147.959 0.0615387 1988 2132
148.02 0.061554 2132 2266
148.082 0.0615387 2266 2392
148.083 0.000946045 2392 2512
148.144 0.0610657 2512 2626
148.145 0.000946045 2626 2735
148.206 0.0610809 2735 2840
148.267 0.0615387 2840 2941
148.529 0.262024 2941 3038
148.593 0.063446 3038 2144
148.653 0.0606232 2144 1659
148.654 0.000473022 1659 1608
148.655 0.000930786 1608 1659
148.716 0.0610809 1659 1832
148.777 0.061554 1832 1988
148.839 0.0615387 1988 2132
148.901 0.061554 2132 2266
148.962 0.0615387 2266 2392
148.963 0.000946045 2392 2512
149.024 0.0610809 2512 2626
149.025 0.000930786 2626 2735
149.086 0.0610809 2735 2840
149.148 0.0615387 2840 2941
149.209 0.061554 2941 3038
149.271 0.0615387 3038 3132
149.332 0.061554 3132 3223
149.395 0.0625 3223 2680
149.395 0.000473022 2680 2144
149.396 0.000473022 2144 1659
149.455 0.0596771 1659 1608
149.456 0.000930786 1608 1659
149.517 0.0610962 1659 1832
149.579 0.0615387 1832 1988
149.641 0.0615387 1988 2132
149.903 0.262024 2132 2266
149.965 0.0620117 2266 2392
149.966 0.000946045 2392 2512
150.027 0.0610809 2512 2626
150.028 0.000946045 2626 2735
150.089 0.0610657 2735 2840
150.15 0.061554 2840 2941
150.212 0.0615387 2941 3038
150.273 0.061554 3038 3132
150.335 0.0615387 3132 3223
150.396 0.0615387 3223 3312
150.398 0.00189209 3312 3398
150.459 0.0610809 3398 3482
150.52 0.0610657 3482 3564
150.522 0.00189209 3564 3644
150.583 0.0610809 3644 3722
150.646 0.0625 3722 2680
150.646 0.000473022 2680 2144
150.706 0.0601501 2144 1659
150.707 0.000473022 1659 1608
150.708 0.000915527 1608 1659
150.769 0.0610962 1659 1832
150.831 0.061554 1832 1988
150.892 0.0615387 1988 2132
150.954 0.061554 2132 2266
151.016 0.0624847 2266 2392
151.078 0.0620117 2392 2512
151.079 0.000946045 2512 2626
151.14 0.0610809 2626 2735
151.141 0.000946045 2735 2840
151.264 0.12262 2840 2941
151.325 0.0615387 2941 3038
151.387 0.0615387 3038 3132
151.448 0.061554 3132 3223
151.51 0.0615387 3223 3312
151.512 0.00189209 3312 3398
151.573 0.0610809 3398 3482
151.634 0.0610657 3482 3564
151.636 0.00189209 3564 3644
151.697 0.0610657 3644 3722
151.758 0.0610809 3722 3799
151.759 0.000946045 3799 3874
151.822 0.0629578 3874 4288
151.884 0.0620422 4288 3752
151.884 0.000473022 3752 3216
152.008 0.123581 3216 3752
152.069 0.0610657 3752 3828
152.131 0.0615692 3828 3216
152.254 0.123108 3216 3752
152.315 0.0610809 3752 3828
152.376 0.0615387 3828 4288
152.563 0.186523 4288 4824
152.624 0.0610809 4824 5360
152.685 0.0615387 5360 5896
152.749 0.0639191 5896 5360
152.75 0.000473022 5360 4969
152.751 0.000946045 4969 4422
152.752 0.000946045 4422 4288
152.811 0.0591888 4288 4422
152.872 0.0615692 4422 4824
152.995 0.12262 4824 5360
153.18 0.184616 5360 5896
153.183 0.00285339 5896 6432
153.304 0.121201 6432 5360
153.304 0.000473022 5360 4824
153.427 0.122635 4824 5360
153.432 0.00520325 5360 4824
153.492 0.0601501 4824 4288
153.494 0.00141907 4288 4824
153.616 0.122147 4824 5360
153.797 0.181335 5360 5896
153.803 0.00613403 5896 6432
153.865 0.061554 6432 6968
153.926 0.0610657 6968 7504
153.987 0.061554 7504 8040
154.11 0.12262 8040 8576
154.114 0.00378418 8576 8040
154.114 0.000473022 8040 7683
154.168 0.0535278 7683 7504
154.168 0.000473022 7504 7326
154.169 0.000473022 7326 6432
154.237 0.068161 6432 5896
154.359 0.122177 5896 6432
154.421 0.0615387 6432 6968
154.482 0.0610504 6968 7504
154.54 0.0578003 7504 6968
154.54 0.000473022 6968 6633
154.542 0.00234985 6633 5896
154.609 0.0667419 5896 6432
154.671 0.0615387 6432 6968
154.732 0.0610809 6968 7504
154.793 0.0615387 7504 8040
154.916 0.12262 8040 8576
154.976 0.0596771 8576 8040
154.976 0.000473022 8040 7683
154.976 0.000473022 7683 7504
154.977 0.000473022 7504 7326
154.977 0.000473022 7326 6432
155.101 0.124054 6432 5896
155.105 0.00379944 5896 5360
155.163 0.0577698 5360 5896
155.228 0.0648651 5896 6432
155.347 0.119354 6432 5896
155.348 0.000473022 5896 5360
155.409 0.0610962 5360 5896
155.471 0.0620117 5896 6432
155.532 0.061554 6432 6968
155.6 0.067215 6968 6432
155.656 0.056366 6432 5896
155.723 0.0667572 5896 6432
155.845 0.12262 6432 6968
155.906 0.0605774 6968 7504
155.967 0.0615387 7504 8040
156.03 0.0629883 8040 7504
156.031 0.000473022 7504 7142
156.031 0.000473022 7142 6961
156.032 0.000473022 6961 6030
156.032 0.000473022 6030 5896
156.092 0.0596771 5896 6030
156.094 0.00187683 6030 5896
156.094 0.000473022 5896 5360
156.335 0.241074 5360 4824
156.397 0.0615692 4824 5360
156.403 0.00617981 5360 4824
156.461 0.0578156 4824 4288
156.465 0.00376892 4288 4824
156.523 0.0578003 4824 5360
156.896 0.373199 5360 4824
156.957 0.0615692 4824 5360
157.092 0.134674 5360 536
158.677 1.58463 536 1072
158.938 0.261551 1072 1340
159.938 1 1340 536
160.261 0.32309 536 1072
160.323 0.062027 1072 1340
160.385 0.0620117 1340 1554
160.447 0.0620117 1554 1738
160.509 0.062027 1738 1903
160.571 0.0615387 1903 2053
160.632 0.061554 2053 2192
160.694 0.0615387 2192 2323
160.695 0.000946045 2323 2446
160.756 0.0610657 2446 2563
160.818 0.062027 2563 2675
160.88 0.0620117 2675 2782
160.881 0.000946045 2782 2885
160.943 0.0620117 2885 2984
161.005 0.061554 2984 3080
161.066 0.0615387 3080 3173
161.188 0.122177 3173 2144
161.189 0.000473022 2144 1608
161.189 0.000488281 1608 1072
161.311 0.122131 1072 1340
161.373 0.0620117 1340 1554
161.435 0.0620117 1554 1738
161.497 0.062027 1738 1903
161.559 0.0615387 1903 2053
161.621 0.061554 2053 2192
161.682 0.0615387 2192 2323
161.683 0.000946045 2323 2446
161.806 0.123123 2446 1608
161.807 0.000473022 1608 1072
161.929 0.12262 1072 1340
161.991 0.062027 1340 1554
162.053 0.0620117 1554 1738
162.115 0.0620117 1738 1903
162.177 0.061554 1903 2053
162.238 0.0615387 2053 2192
162.3 0.061554 2192 2323
162.301 0.000946045 2323 2446
162.362 0.0610657 2446 2563
162.363 0.000946045 2563 2675
162.424 0.0610809 2675 2782
162.425 0.000930786 2782 2885
162.487 0.062027 2885 2984
162.548 0.0615387 2984 3080
162.61 0.061554 3080 3173
162.672 0.0615387 3173 3263
162.733 0.061554 3263 3351
162.794 0.0610657 3351 3436
162.796 0.00189209 3436 3519
162.858 0.0620117 3519 3600
162.92 0.062027 3600 3679
162.921 0.000930786 3679 3757
162.984 0.0634613 3757 2680
163.044 0.0591888 2680 2144
163.044 0.000473022 2144 1608
163.045 0.000488281 1608 1072
163.108 0.0629425 1072 1340
164.108 1 1340 536
164.431 0.32309 536 1072
164.493 0.0620117 1072 1340
164.555 0.062027 1340 1554
164.617 0.0620117 1554 1738
164.679 0.0620117 1738 1903
164.74 0.061554 1903 2053
164.802 0.0615387 2053 2192
164.863 0.061554 2192 2323
164.864 0.000946045 2323 2446
164.925 0.0610657 2446 2563
164.926 0.000946045 2563 2675
164.987 0.0610809 2675 2782
164.988 0.000930786 2782 2885
165.05 0.062027 2885 2984
165.235 0.184219 2984 1072
165.419 0.184708 1072 536
165.481 0.061554 536 1072
165.481 0 1072 1340
165.543 0.0620117 1340 1554
165.605 0.062027 1554 1738
165.729 0.123596 1738 1072
165.852 0.123093 1072 1340
165.914 0.0620117 1340 1554
